#displaying nanoseconds per input bytes for linux, quicktime, chromium, scalar and altivec decoders, first column is number of bytes
8  65.83  67.67  68.00  66.17  68.33  66.00 
9  65.67  68.33  67.33  66.67  68.83  67.00 
10  49.50  51.62  50.88  50.38  50.75  50.12 
11  49.38  52.00  51.25  49.75  51.00  50.38 
12  49.38  52.50  51.38  50.00  51.12  50.00 
13  39.10  42.60  41.40  40.00  41.30  40.70 
14  39.60  42.80  41.50  40.30  41.10  40.50 
15  39.60  42.40  41.70  40.10  41.70  40.60 
16  33.17  35.75  34.42  33.58  34.25  33.50 
17  33.17  35.83  34.58  34.00  34.00  33.33 
18  33.17  36.00  34.58  33.67  34.17  33.42 
19  28.21  31.07  29.71  29.14  29.79  28.86 
20  28.29  31.00  30.36  29.14  29.86  28.86 
21  28.14  31.50  30.00  29.14  29.71  29.07 
22  24.69  27.94  26.62  25.69  26.00  25.50 
23  24.75  27.62  26.88  25.69  26.12  25.56 
24  24.69  27.75  26.81  25.75  25.81  25.56 
25  22.00  24.94  23.61  23.00  23.61  17.67 
26  15.61  15.44  14.06  13.44  13.94  13.39 
27  12.94  14.83  14.11  13.56  13.83  13.44 
28  11.70  13.50  12.70  12.20  12.30  12.00 
29  11.65  13.40  12.80  12.35  12.35  12.00 
30  11.75  13.50  13.05  12.35  12.50  12.10 
31  10.64  12.50  11.64  11.18  11.50  11.05 
32  10.64  12.50  11.95  11.18  11.50  11.05 
33  10.68  12.55  11.59  11.32  11.55  10.91 
34  9.71  11.71  10.79  10.25  10.54  10.17 
35  9.71  11.62  10.83  10.38  10.50  10.17 
36  9.75  11.88  10.83  10.25  10.46  10.12 
37  8.96  10.96  10.12  9.50  9.69  9.38 
38  9.00  11.12  10.12  9.69  9.77  9.42 
39  8.96  11.12  10.35  9.62  9.81  9.50 
40  8.36  10.32  9.64  8.96  9.00  8.64 
41  8.43  10.43  9.64  8.93  9.07  8.71 
42  8.32  10.36  9.68  8.86  9.11  8.68 
43  7.83  9.90  9.13  8.37  8.50  8.13 
44  7.87  9.77  9.10  8.50  8.53  8.13 
45  7.80  9.80  9.00  8.40  8.57  8.13 
46  7.31  9.50  8.56  7.94  8.03  7.66 
47  7.34  9.31  8.59  7.88  8.00  7.59 
48  7.31  9.41  8.62  7.97  7.94  7.72 
49  6.91  8.97  8.29  7.29  7.21  6.97 
50  6.56  8.59  8.09  7.26  7.35  6.97 
51  6.62  8.71  8.06  7.32  7.35  6.97 
52  6.28  8.19  7.69  6.86  6.75  6.50 
53  6.25  8.22  7.64  6.83  6.86  6.53 
54  6.25  8.42  7.67  6.75  6.89  6.56 
55  5.95  8.00  7.16  6.50  6.61  6.26 
56  5.95  8.08  7.13  6.50  6.61  6.29 
57  5.89  8.11  7.11  6.53  6.66  6.24 
58  5.65  7.78  7.00  6.15  6.35  5.93 
59  5.60  7.68  7.05  6.22  6.25  5.97 
60  5.62  7.80  7.05  6.20  6.25  5.95 
61  5.38  7.52  6.79  5.95  6.07  5.71 
62  5.38  7.48  6.74  5.93  6.05  5.74 
63  5.31  7.50  6.76  5.88  6.07  5.71 
64  5.14  7.25  6.50  5.68  5.75  5.43 
65  5.14  7.32  6.52  5.73  5.80  5.41 
66  5.09  7.23  6.59  5.70  5.75  5.41 
67  4.87  7.04  6.30  5.52  5.52  5.24 
68  4.89  7.02  6.35  5.52  5.54  5.22 
69  4.93  7.09  6.28  5.50  5.63  5.24 
70  4.73  6.83  5.90  5.35  5.29  4.96 
71  4.67  6.92  5.88  5.31  5.31  5.00 
72  4.71  6.85  5.90  5.33  5.35  5.06 
73  4.56  6.68  5.74  5.18  5.16  4.86 
74  4.50  6.66  5.70  5.18  5.20  4.90 
75  4.50  6.72  5.74  5.16  5.18  4.92 
76  4.35  6.56  5.58  5.00  4.90  4.63 
77  4.33  6.60  5.54  5.00  4.94  4.63 
78  4.35  6.48  5.52  4.98  4.96  4.63 
79  4.17  6.35  5.37  4.80  4.81  4.54 
80  4.20  6.35  5.35  4.81  4.81  4.46 
81  4.19  6.35  5.39  4.87  4.78  4.50 
82  4.05  6.14  5.27  4.77  4.68  4.34 
83  4.02  6.18  5.25  4.68  4.66  4.34 
84  4.04  6.27  5.27  4.66  4.68  4.38 
85  3.90  6.02  5.16  4.52  4.55  4.21 
86  3.88  6.05  5.12  4.53  4.53  4.21 
87  3.91  6.05  5.19  4.53  4.52  4.24 
88  3.75  5.95  5.05  4.40  4.40  4.03 
89  3.80  5.88  5.03  4.40  4.37  4.05 
90  3.75  6.00  4.98  4.38  4.40  4.08 
91  3.61  5.82  4.92  4.29  4.31  3.95 
92  3.63  5.84  4.89  4.31  4.31  3.97 
93  3.66  5.87  4.94  4.27  4.34  3.97 
94  3.53  5.69  4.77  4.19  4.16  3.86 
95  3.53  5.73  4.77  4.19  4.16  3.88 
96  3.52  5.78  4.80  4.17  4.16  3.84 
97  3.45  5.67  4.64  4.09  4.06  3.74 
98  3.42  5.68  4.65  4.06  4.09  3.73 
99  3.39  5.73  4.65  4.05  4.06  3.77 
100  3.29  5.56  4.57  3.96  3.94  3.62 
101  3.29  5.59  4.53  3.97  3.97  3.63 
102  3.34  5.60  4.56  3.94  3.97  3.62 
103  3.21  5.50  4.41  3.86  3.87  3.53 
104  3.23  5.56  4.49  3.83  3.86  3.53 
105  3.21  5.59  4.50  3.87  3.86  3.59 
106  3.14  5.47  4.38  3.79  3.75  3.49 
107  3.14  5.43  4.36  3.79  3.76  3.46 
108  3.12  5.47  4.39  3.78  3.74  3.49 
109  3.05  5.34  4.30  3.68  3.70  3.38 
110  3.04  5.32  4.27  3.65  3.69  3.39 
111  3.05  5.39  4.26  3.66  3.68  3.38 
112  3.00  5.33  4.18  3.58  3.59  3.28 
113  2.96  5.32  4.17  3.61  3.62  3.26 
114  2.96  5.25  4.51  3.61  3.61  3.29 
115  2.88  5.24  4.10  3.53  3.55  3.19 
116  2.88  5.22  4.13  3.51  3.49  3.22 
117  2.87  5.26  4.13  3.54  3.51  3.23 
118  2.84  5.15  4.01  3.47  3.45  3.16 
119  2.80  5.10  4.05  3.45  3.44  3.16 
120  2.79  5.07  4.00  3.45  3.42  3.17 
121  2.73  5.04  3.99  3.40  3.39  3.10 
122  2.74  4.99  3.98  3.37  3.40  3.07 
123  2.77  5.09  3.95  3.39  3.39  3.07 
124  2.69  4.99  3.90  3.30  3.27  2.99 
125  2.67  5.01  3.90  3.33  3.31  2.98 
126  2.70  4.96  3.90  3.33  3.31  2.99 
127  2.63  4.87  3.86  3.27  3.26  2.94 
128  2.64  4.90  3.88  3.26  3.27  2.92 
129  2.62  4.86  3.84  3.27  3.24  2.94 
130  2.57  4.82  3.77  3.20  3.17  2.89 
131  2.58  4.85  3.76  3.22  3.17  2.89 
132  2.57  4.89  3.81  3.20  3.19  2.90 
133  2.50  4.79  3.71  3.18  3.18  2.84 
134  2.50  4.81  3.73  3.17  3.13  2.84 
135  2.50  4.78  3.73  3.19  3.13  2.83 
136  2.47  4.72  3.67  3.11  3.05  2.77 
137  2.47  4.70  3.68  3.11  3.08  2.75 
138  2.46  4.75  3.68  3.10  3.05  2.76 
139  2.40  4.61  3.61  3.05  3.03  2.71 
140  2.40  4.65  3.62  3.05  3.04  2.72 
141  2.41  4.67  3.63  3.04  3.04  2.71 
142  2.40  4.62  3.56  3.01  2.96  2.66 
143  2.34  4.56  3.58  3.00  2.95  2.69 
144  2.36  4.66  3.59  2.99  2.97  2.67 
145  2.29  4.64  3.53  2.93  2.91  2.64 
146  2.32  4.57  3.50  2.95  2.94  2.65 
147  2.32  4.55  3.52  2.95  2.93  2.62 
148  2.25  4.59  3.51  2.90  2.84  2.54 
149  2.26  4.57  3.48  2.91  2.85  2.57 
150  2.25  4.55  3.50  2.90  2.87  2.56 
151  2.21  4.69  3.45  2.86  2.86  2.52 
152  2.21  4.43  3.47  2.85  2.81  2.53 
153  2.21  4.52  3.43  2.86  2.87  2.52 
154  2.17  4.50  3.38  2.82  2.79  2.48 
155  2.17  4.42  3.38  2.82  2.76  2.50 
156  2.18  4.48  3.39  2.82  2.78  2.50 
157  2.12  4.42  3.34  2.78  2.75  2.48 
158  2.12  4.40  3.36  2.77  2.75  2.46 
159  2.13  4.42  3.34  2.77  2.76  2.44 
160  2.10  4.48  3.33  2.71  2.69  2.42 
161  2.09  4.43  3.31  2.71  2.69  2.39 
162  2.13  4.43  3.32  2.73  2.69  2.39 
163  2.05  4.47  3.26  2.70  2.66  2.35 
164  2.08  4.44  3.27  2.68  2.65  2.35 
165  2.05  4.35  3.28  2.68  2.68  2.37 
166  2.03  4.29  3.21  2.66  2.62  2.32 
167  2.01  4.33  3.21  2.65  2.61  2.33 
168  2.02  4.38  3.24  2.67  2.61  2.34 
169  2.00  4.32  3.21  2.61  2.58  2.32 
170  1.99  4.38  3.22  2.63  2.59  2.30 
171  1.99  4.38  3.21  2.61  2.62  2.32 
172  1.97  4.28  3.15  2.59  2.53  2.26 
173  1.96  4.31  3.15  2.59  2.53  2.24 
174  1.96  4.33  3.17  2.58  2.54  2.23 
175  1.94  4.26  3.12  2.56  2.50  2.24 
176  1.92  4.24  3.11  2.55  2.51  2.21 
177  1.91  4.25  3.12  2.54  2.51  2.21 
178  1.87  4.21  3.08  2.52  2.46  2.18 
179  1.90  4.23  3.08  2.52  2.46  2.19 
180  1.90  4.33  3.09  2.53  2.46  2.19 
181  1.87  4.30  3.07  2.50  2.46  2.16 
182  1.84  4.20  3.07  2.49  2.46  2.17 
183  1.85  4.28  3.07  2.52  2.45  2.16 
184  1.81  4.23  3.05  2.46  2.39  2.12 
185  1.81  4.21  3.06  2.47  2.40  2.14 
186  1.83  4.25  3.03  2.46  2.39  2.12 
187  1.79  4.33  3.03  2.44  2.39  2.10 
188  1.79  4.13  3.02  2.42  2.37  2.10 
189  1.81  4.17  2.99  2.41  2.41  2.08 
190  1.77  4.16  2.98  2.42  2.34  2.09 
191  1.76  4.20  2.96  2.39  2.35  2.08 
192  1.77  4.17  2.95  2.39  2.34  2.07 
193  1.74  4.13  2.95  2.38  2.35  2.07 
194  1.73  4.16  2.96  2.39  2.35  2.05 
195  1.76  4.15  2.95  2.40  2.35  2.06 
196  1.73  4.19  2.92  2.34  2.31  2.02 
197  1.72  4.15  2.92  2.33  2.30  2.02 
198  1.69  4.11  2.94  2.36  2.29  2.02 
199  1.70  4.11  2.90  2.32  2.28  1.99 
200  1.71  4.11  2.89  2.33  2.30  1.99 
201  1.71  4.17  2.89  2.32  2.30  1.99 
202  1.66  4.05  2.87  2.29  2.25  1.97 
203  1.68  4.15  2.89  2.30  2.25  1.96 
204  1.66  4.06  2.87  2.29  2.24  1.99 
205  1.63  4.05  2.85  2.28  2.25  1.97 
206  1.64  4.07  2.86  2.28  2.24  1.97 
207  1.66  4.07  2.85  2.28  2.25  1.97 
208  1.62  4.04  2.80  2.27  2.21  1.93 
209  1.62  4.04  2.82  2.24  2.19  1.94 
210  1.61  4.03  2.81  2.25  2.20  1.93 
211  1.59  4.06  2.80  2.24  2.19  1.89 
212  1.61  4.02  2.78  2.23  2.21  1.90 
213  1.61  3.99  2.79  2.23  2.20  1.92 
214  1.58  4.01  2.78  2.22  2.16  1.89 
215  1.58  4.10  2.78  2.21  2.15  1.90 
216  1.58  4.10  2.78  2.22  2.17  1.89 
217  1.55  4.01  2.76  2.18  2.15  1.88 
218  1.55  4.07  2.77  2.19  2.15  1.88 
219  1.55  3.99  2.76  2.18  2.15  1.90 
220  1.52  3.93  2.73  2.17  2.10  1.85 
221  1.53  3.99  2.74  2.18  2.11  1.82 
222  1.53  3.98  2.72  2.16  2.11  1.84 
223  1.53  3.91  2.71  2.17  2.10  1.81 
224  1.51  3.95  2.71  2.16  2.09  1.82 
225  1.51  3.96  2.71  2.15  2.12  1.81 
226  1.50  3.92  2.68  2.13  2.06  1.78 
227  1.50  4.00  2.70  2.15  2.08  1.80 
228  1.49  3.95  2.69  2.14  2.09  1.80 
229  1.49  3.93  2.66  2.11  2.08  1.77 
230  1.47  3.99  2.66  2.12  2.06  1.79 
231  1.47  4.03  2.68  2.10  2.07  1.79 
232  1.45  3.83  2.65  2.09  2.03  1.76 
233  1.46  3.86  2.68  2.10  2.03  1.78 
234  1.46  3.91  2.65  2.09  2.04  1.76 
235  1.46  3.88  2.63  2.07  2.04  1.73 
236  1.44  3.90  2.63  2.06  2.03  1.73 
237  1.44  3.91  2.64  2.07  2.03  1.73 
238  1.42  3.84  2.62  2.06  1.99  1.72 
239  1.42  3.88  2.62  2.06  1.99  1.73 
240  1.42  3.88  2.64  2.06  1.99  1.73 
241  1.43  3.85  2.60  2.04  1.97  1.71 
242  1.41  3.88  2.62  2.02  1.98  1.71 
243  1.41  3.88  2.60  2.03  2.00  1.72 
244  1.39  3.87  2.60  2.02  1.95  1.71 
245  1.40  3.87  2.60  2.01  1.96  1.69 
246  1.38  3.82  2.59  2.02  1.96  1.70 
247  1.37  3.83  2.57  2.00  1.97  1.69 
248  1.37  3.87  2.56  1.99  1.95  1.68 
249  1.37  3.81  2.59  2.00  1.95  1.67 
250  1.35  3.89  2.55  1.98  1.92  1.66 
251  1.35  3.88  2.56  1.98  1.92  1.67 
252  1.35  3.84  2.55  1.98  1.93  1.65 
253  1.34  3.87  2.54  1.97  1.92  1.65 
254  1.32  3.78  2.55  1.98  1.93  1.65 
255  1.34  3.82  2.54  1.96  1.92  1.65 
256  1.33  3.75  2.52  1.95  1.89  1.63 
257  1.33  3.79  2.53  1.97  1.90  1.63 
258  1.32  3.81  2.53  1.97  1.89  1.61 
259  1.31  3.78  2.51  1.94  1.90  1.61 
260  1.32  3.83  2.52  1.94  1.89  1.60 
261  1.31  3.87  2.52  1.95  1.90  1.61 
262  1.30  3.81  2.49  1.94  1.87  1.59 
263  1.30  3.76  2.49  1.93  1.87  1.60 
264  1.29  3.78  2.50  1.93  1.86  1.59 
265  1.28  3.79  2.47  1.91  1.87  1.59 
266  1.29  3.83  2.47  1.92  1.87  1.58 
267  1.28  3.80  2.47  1.90  1.86  1.60 
268  1.26  3.81  2.47  1.91  1.83  1.56 
269  1.27  3.82  2.46  1.89  1.84  1.56 
270  1.28  3.78  2.45  1.91  1.84  1.54 
271  1.25  3.74  2.45  1.89  1.82  1.54 
272  1.26  3.75  2.46  1.88  1.83  1.55 
273  1.25  3.74  2.44  1.88  1.82  1.55 
274  1.23  3.79  2.43  1.88  1.80  1.53 
275  1.24  3.77  2.42  1.88  1.81  1.54 
276  1.24  3.80  2.44  1.87  1.80  1.55 
277  1.22  3.72  2.42  1.87  1.81  1.53 
278  1.23  3.75  2.42  1.87  1.80  1.54 
279  1.23  3.81  2.42  1.86  1.81  1.54 
280  1.23  3.74  2.41  1.86  1.79  1.51 
281  1.22  3.79  2.40  1.86  1.78  1.52 
282  1.21  3.70  2.43  1.86  1.78  1.52 
283  1.21  3.73  2.38  1.84  1.78  1.49 
284  1.19  3.75  2.40  1.84  1.78  1.51 
285  1.21  3.76  2.41  1.84  1.77  1.51 
286  1.19  3.76  2.38  1.82  1.75  1.49 
287  1.19  3.71  2.38  1.82  1.75  1.49 
288  1.18  3.76  2.38  1.83  1.75  1.51 
289  1.17  3.70  2.36  1.81  1.74  1.49 
290  1.18  3.70  2.37  1.80  1.75  1.49 
291  1.17  3.71  2.36  1.81  1.75  1.48 
292  1.16  3.67  2.36  1.80  1.73  1.46 
293  1.17  3.66  2.36  1.79  1.74  1.47 
294  1.17  3.70  2.35  1.80  1.72  1.46 
295  1.16  3.69  2.35  1.78  1.73  1.46 
296  1.15  3.75  2.35  1.79  1.73  1.46 
297  1.17  3.67  2.34  1.76  1.73  1.47 
298  1.13  3.69  2.35  1.78  1.71  1.46 
299  1.15  3.74  2.34  1.77  1.71  1.46 
300  1.14  3.76  2.33  1.77  1.71  1.46 
301  1.14  3.77  2.33  1.77  1.69  1.44 
302  1.13  3.76  2.34  1.76  1.70  1.45 
303  1.12  3.76  2.33  1.77  1.70  1.45 
304  1.12  3.69  2.33  1.75  1.69  1.42 
305  1.12  3.71  2.30  1.75  1.68  1.43 
306  1.11  3.74  2.31  1.75  1.68  1.43 
307  1.10  3.70  2.30  1.73  1.68  1.42 
308  1.11  3.67  2.30  1.75  1.68  1.41 
309  1.11  3.70  2.31  1.73  1.68  1.42 
310  1.11  3.72  2.30  1.72  1.66  1.41 
311  1.11  3.71  2.29  1.73  1.65  1.41 
312  1.09  3.69  2.29  1.73  1.66  1.42 
313  1.09  3.76  2.28  1.72  1.65  1.40 
314  1.09  3.69  2.28  1.72  1.66  1.40 
315  1.09  3.67  2.27  1.72  1.66  1.40 
316  1.08  3.64  2.26  1.71  1.63  1.38 
317  1.08  3.61  2.26  1.70  1.64  1.38 
318  1.08  3.67  2.26  1.70  1.64  1.39 
319  1.07  3.67  2.27  1.70  1.64  1.37 
320  1.07  3.64  2.26  1.69  1.64  1.37 
321  1.07  3.64  2.24  1.70  1.64  1.39 
322  1.06  3.62  2.24  1.69  1.62  1.37 
323  1.06  3.61  2.25  1.69  1.61  1.36 
324  1.06  3.62  2.25  1.68  1.62  1.38 
325  1.05  3.66  2.23  1.69  1.61  1.36 
326  1.05  3.63  2.24  1.68  1.61  1.36 
327  1.05  3.63  2.24  1.68  1.61  1.37 
328  1.05  3.62  2.22  1.67  1.60  1.34 
329  1.04  3.65  2.23  1.68  1.60  1.34 
330  1.04  3.62  2.23  1.67  1.60  1.34 
331  1.03  3.61  2.23  1.67  1.59  1.34 
332  1.02  3.59  2.21  1.67  1.59  1.33 
333  1.03  3.64  2.21  1.66  1.60  1.33 
334  1.02  3.59  2.21  1.67  1.58  1.33 
335  1.02  3.63  2.21  1.66  1.58  1.33 
336  1.02  3.60  2.20  1.66  1.58  1.33 
337  1.01  3.65  2.18  1.65  1.58  1.34 
338  1.02  3.62  2.19  1.65  1.58  1.32 
339  1.01  3.54  2.19  1.64  1.58  1.32 
340  1.01  3.57  2.20  1.63  1.56  1.31 
341  1.01  3.58  2.20  1.63  1.57  1.30 
342  1.01  3.57  2.20  1.63  1.57  1.31 
343  0.99  3.58  2.19  1.62  1.56  1.30 
344  1.00  3.55  2.18  1.63  1.56  1.30 
345  1.00  3.58  2.19  1.62  1.57  1.30 
346  0.98  3.56  2.18  1.63  1.55  1.29 
347  0.98  3.56  2.18  1.62  1.54  1.30 
348  0.99  3.57  2.20  1.60  1.53  1.29 
349  0.97  3.55  2.16  1.61  1.54  1.29 
350  0.97  3.57  2.18  1.62  1.55  1.29 
351  0.98  3.56  2.17  1.61  1.54  1.30 
352  0.98  3.58  2.16  1.59  1.52  1.27 
353  0.98  3.55  2.17  1.60  1.53  1.27 
354  0.98  3.57  2.17  1.60  1.53  1.28 
355  0.96  3.58  2.16  1.59  1.53  1.26 
356  0.96  3.57  2.15  1.59  1.53  1.27 
357  0.96  3.55  2.16  1.59  1.53  1.26 
358  0.96  3.57  2.14  1.58  1.51  1.27 
359  0.95  3.54  2.15  1.58  1.52  1.26 
360  0.95  3.56  2.15  1.59  1.50  1.26 
361  0.95  3.58  2.13  1.59  1.52  1.26 
362  0.95  3.50  2.13  1.58  1.51  1.25 
363  0.96  3.55  2.14  1.58  1.52  1.26 
364  0.95  3.55  2.12  1.57  1.49  1.24 
365  0.94  3.54  2.12  1.57  1.49  1.23 
366  0.94  3.57  2.11  1.56  1.49  1.23 
367  0.94  3.54  2.11  1.57  1.49  1.23 
368  0.93  3.54  2.12  1.56  1.49  1.23 
369  0.94  3.53  2.11  1.55  1.49  1.23 
370  0.92  3.58  2.11  1.55  1.48  1.23 
371  0.94  3.56  2.10  1.55  1.47  1.24 
372  0.92  3.50  2.10  1.55  1.48  1.24 
373  0.92  3.55  2.09  1.55  1.48  1.22 
374  0.92  3.54  2.11  1.55  1.47  1.23 
375  0.92  3.55  2.10  1.54  1.48  1.23 
376  0.92  3.54  2.10  1.55  1.46  1.21 
377  0.90  3.54  2.11  1.54  1.46  1.20 
378  0.90  3.50  2.10  1.54  1.46  1.21 
379  0.91  3.48  2.09  1.53  1.46  1.20 
380  0.91  3.53  2.09  1.54  1.46  1.21 
381  0.91  3.52  2.09  1.53  1.46  1.20 
382  0.91  3.56  2.08  1.52  1.45  1.20 
383  0.90  3.55  2.08  1.53  1.45  1.21 
384  0.90  3.58  2.09  1.54  1.45  1.20 
385  0.89  3.59  2.07  1.52  1.44  1.20 
386  0.89  3.56  2.07  1.52  1.45  1.19 
387  0.90  3.57  2.07  1.52  1.46  1.21 
388  0.88  3.55  2.08  1.52  1.43  1.18 
389  0.88  3.53  2.07  1.51  1.44  1.18 
390  0.88  3.48  2.08  1.52  1.44  1.18 
391  0.88  3.54  2.06  1.51  1.43  1.17 
392  0.89  3.55  2.07  1.51  1.45  1.17 
393  0.88  3.55  2.07  1.51  1.44  1.17 
394  0.87  3.49  2.06  1.50  1.43  1.18 
395  0.86  3.52  2.06  1.50  1.43  1.18 
396  0.88  3.50  2.06  1.50  1.43  1.17 
397  0.86  3.52  2.05  1.49  1.42  1.16 
398  0.86  3.50  2.05  1.50  1.42  1.17 
399  0.86  3.51  2.06  1.49  1.42  1.17 
400  0.85  3.56  2.04  1.49  1.40  1.15 
401  0.86  3.50  2.04  1.49  1.41  1.16 
402  0.85  3.50  2.04  1.49  1.41  1.16 
403  0.85  3.53  2.03  1.47  1.41  1.15 
404  0.86  3.49  2.05  1.47  1.41  1.16 
405  0.86  3.52  2.03  1.47  1.42  1.16 
406  0.85  3.46  2.03  1.47  1.39  1.15 
407  0.85  3.50  2.06  1.47  1.39  1.15 
408  0.85  3.48  2.03  1.47  1.40  1.15 
409  0.84  3.48  2.01  1.47  1.40  1.14 
410  0.85  3.47  2.02  1.47  1.38  1.14 
411  0.84  3.48  2.03  1.47  1.40  1.14 
412  0.84  3.53  2.02  1.46  1.38  1.12 
413  0.84  3.47  2.02  1.47  1.39  1.13 
414  0.83  3.45  2.01  1.46  1.39  1.12 
415  0.83  3.53  2.00  1.46  1.38  1.13 
416  0.83  3.51  2.01  1.45  1.38  1.13 
417  0.83  3.49  2.01  1.46  1.39  1.12 
418  0.82  3.46  2.01  1.45  1.37  1.12 
419  0.82  3.51  2.00  1.45  1.37  1.13 
420  0.82  3.46  2.02  1.45  1.38  1.12 
421  0.82  3.50  2.00  1.45  1.37  1.12 
422  0.82  3.48  2.00  1.44  1.37  1.12 
423  0.82  3.47  2.00  1.45  1.38  1.12 
424  0.81  3.48  1.99  1.44  1.35  1.10 
425  0.81  3.48  1.99  1.44  1.36  1.10 
426  0.82  3.44  2.00  1.44  1.36  1.11 
427  0.81  3.47  1.99  1.43  1.36  1.09 
428  0.81  3.47  2.00  1.44  1.35  1.10 
429  0.81  3.48  1.98  1.43  1.36  1.11 
430  0.80  3.48  1.98  1.42  1.35  1.10 
431  0.80  3.48  2.00  1.42  1.35  1.10 
432  0.80  3.47  1.99  1.43  1.35  1.10 
433  0.80  3.45  1.98  1.42  1.35  1.10 
434  0.80  3.47  1.98  1.42  1.36  1.10 
435  0.80  3.46  1.98  1.43  1.35  1.09 
436  0.79  3.44  1.97  1.42  1.34  1.08 
437  0.78  3.46  1.98  1.42  1.35  1.08 
438  0.79  3.47  1.97  1.42  1.34  1.08 
439  0.79  3.47  1.97  1.41  1.34  1.09 
440  0.79  3.43  1.96  1.40  1.34  1.09 
441  0.79  3.45  1.96  1.41  1.34  1.07 
442  0.78  3.44  1.97  1.40  1.33  1.08 
443  0.77  3.42  1.97  1.41  1.33  1.08 
444  0.79  3.44  1.97  1.41  1.33  1.08 
445  0.79  3.42  1.95  1.40  1.32  1.08 
446  0.78  3.45  1.96  1.41  1.33  1.08 
447  0.78  3.47  1.96  1.40  1.34  1.07 
448  0.77  3.45  1.95  1.40  1.32  1.06 
449  0.77  3.47  1.94  1.40  1.32  1.06 
450  0.78  3.43  1.95  1.39  1.32  1.06 
451  0.76  3.44  1.95  1.40  1.32  1.06 
452  0.76  3.50  1.95  1.39  1.32  1.07 
453  0.76  3.49  1.95  1.39  1.32  1.06 
454  0.76  3.47  1.93  1.39  1.30  1.06 
455  0.76  3.53  1.94  1.39  1.32  1.06 
456  0.76  3.52  1.94  1.38  1.31  1.06 
457  0.75  3.52  1.94  1.38  1.31  1.06 
458  0.76  3.50  1.94  1.38  1.31  1.05 
459  0.76  3.53  1.94  1.39  1.31  1.06 
460  0.75  3.52  1.93  1.38  1.30  1.04 
461  0.75  3.53  1.93  1.37  1.29  1.04 
462  0.75  3.45  1.94  1.38  1.30  1.04 
463  0.74  3.47  1.92  1.38  1.31  1.04 
464  0.75  3.49  1.93  1.38  1.30  1.03 
465  0.74  3.48  1.94  1.37  1.30  1.04 
466  0.74  3.51  1.92  1.38  1.29  1.04 
467  0.74  3.47  1.93  1.36  1.29  1.04 
468  0.75  3.49  1.93  1.37  1.28  1.04 
469  0.73  3.49  1.91  1.37  1.29  1.03 
470  0.74  3.44  1.91  1.37  1.29  1.04 
471  0.74  3.46  1.92  1.37  1.30  1.04 
472  0.74  3.48  1.91  1.36  1.28  1.03 
473  0.74  3.50  1.91  1.36  1.28  1.02 
474  0.74  3.44  1.91  1.37  1.28  1.03 
475  0.73  3.47  1.90  1.36  1.29  1.03 
476  0.73  3.47  1.91  1.35  1.28  1.03 
477  0.73  3.44  1.90  1.36  1.28  1.01 
478  0.72  3.46  1.91  1.35  1.27  1.02 
479  0.71  3.46  1.90  1.34  1.27  1.02 
480  0.73  3.48  1.91  1.35  1.27  1.02 
481  0.72  3.44  1.90  1.36  1.27  1.02 
482  0.72  3.48  1.89  1.35  1.27  1.02 
483  0.71  3.46  1.91  1.35  1.28  1.02 
484  0.72  3.50  1.90  1.34  1.27  1.01 
485  0.72  3.47  1.89  1.35  1.27  1.01 
486  0.72  3.48  1.90  1.34  1.26  1.01 
487  0.70  3.47  1.90  1.34  1.27  1.01 
488  0.71  3.40  1.90  1.34  1.26  1.00 
489  0.72  3.48  1.90  1.33  1.26  1.00 
490  0.71  3.52  1.90  1.33  1.25  1.00 
491  0.71  3.45  1.88  1.33  1.25  1.01 
492  0.71  3.46  1.88  1.33  1.25  1.01 
493  0.70  3.45  1.88  1.32  1.25  1.01 
494  0.70  3.44  1.89  1.32  1.25  1.01 
495  0.71  3.45  1.89  1.33  1.26  1.01 
496  0.70  3.47  1.88  1.32  1.23  0.99 
497  0.70  3.44  1.87  1.32  1.24  0.99 
498  0.70  3.47  1.89  1.32  1.24  0.99 
499  0.69  3.49  1.87  1.32  1.25  0.99 
500  0.69  3.48  1.87  1.32  1.24  0.99 
501  0.69  3.46  1.88  1.31  1.24  0.99 
502  0.69  3.50  1.87  1.32  1.24  0.99 
503  0.69  3.45  1.88  1.32  1.24  0.99 
504  0.69  3.50  1.87  1.31  1.24  0.99 
505  0.68  3.49  1.87  1.31  1.24  0.99 
506  0.69  3.51  1.87  1.31  1.23  0.98 
507  0.70  3.48  1.87  1.31  1.24  0.99 
508  0.69  3.51  1.86  1.31  1.22  0.97 
509  0.69  3.49  1.87  1.31  1.23  0.97 
510  0.69  3.47  1.86  1.31  1.22  0.97 
511  0.68  3.54  1.86  1.31  1.23  0.97 
512  0.69  3.51  1.86  1.31  1.22  0.97 
513  0.68  3.50  1.86  1.30  1.23  0.97 
514  0.67  3.53  1.86  1.31  1.22  0.97 
515  0.68  3.54  1.87  1.31  1.21  0.97 
516  0.67  3.51  1.86  1.30  1.22  0.97 
517  0.67  3.54  1.85  1.31  1.23  0.97 
518  0.67  3.47  1.84  1.30  1.22  0.96 
519  0.67  3.49  1.85  1.29  1.22  0.97 
520  0.67  3.48  1.84  1.30  1.21  0.95 
521  0.67  3.51  1.84  1.30  1.21  0.96 
522  0.66  3.49  1.85  1.30  1.21  0.96 
523  0.66  3.50  1.85  1.29  1.21  0.95 
524  0.67  3.51  1.85  1.29  1.22  0.95 
525  0.67  3.49  1.84  1.29  1.21  0.95 
526  0.66  3.54  1.84  1.29  1.20  0.96 
527  0.66  3.49  1.85  1.29  1.20  0.95 
528  0.66  3.51  1.83  1.29  1.20  0.96 
529  0.66  3.49  1.84  1.28  1.21  0.95 
530  0.66  3.50  1.84  1.28  1.21  0.95 
531  0.66  3.47  1.84  1.28  1.21  0.95 
532  0.65  3.54  1.84  1.28  1.20  0.94 
533  0.65  3.51  1.84  1.28  1.19  0.95 
534  0.65  3.45  1.84  1.28  1.19  0.95 
535  0.65  3.48  1.82  1.27  1.20  0.94 
536  0.65  3.47  1.84  1.28  1.20  0.94 
537  0.65  3.45  1.83  1.27  1.20  0.94 
538  0.65  3.44  1.82  1.28  1.19  0.95 
539  0.65  3.46  1.84  1.27  1.19  0.95 
540  0.65  3.41  1.83  1.27  1.18  0.95 
541  0.64  3.42  1.80  1.26  1.20  0.93 
542  0.64  3.33  1.83  1.27  1.19  0.94 
543  0.64  3.44  1.82  1.27  1.19  0.94 
544  0.64  3.45  1.82  1.26  1.19  0.93 
545  0.64  3.40  1.82  1.26  1.18  0.93 
546  0.64  3.45  1.82  1.26  1.18  0.93 
547  0.64  3.43  1.82  1.25  1.19  0.93 
548  0.64  3.47  1.82  1.26  1.18  0.93 
549  0.64  3.45  1.81  1.26  1.19  0.92 
550  0.63  3.50  1.82  1.26  1.18  0.93 
551  0.63  3.45  1.82  1.25  1.17  0.93 
552  0.63  3.50  1.82  1.25  1.17  0.93 
553  0.63  3.49  1.81  1.25  1.18  0.92 
554  0.63  3.48  1.81  1.26  1.18  0.93 
555  0.63  3.41  1.81  1.25  1.18  0.93 
556  0.62  3.37  1.80  1.25  1.17  0.91 
557  0.63  3.43  1.81  1.25  1.17  0.92 
558  0.62  3.44  1.80  1.24  1.17  0.91 
559  0.63  3.43  1.80  1.25  1.17  0.91 
560  0.63  3.42  1.80  1.24  1.17  0.91 
561  0.63  3.48  1.80  1.24  1.17  0.91 
562  0.62  3.40  1.80  1.24  1.16  0.91 
563  0.62  3.47  1.80  1.25  1.16  0.92 
564  0.62  3.43  1.80  1.24  1.16  0.91 
565  0.62  3.44  1.79  1.24  1.16  0.91 
566  0.62  3.41  1.80  1.25  1.16  0.91 
567  0.62  3.44  1.79  1.24  1.17  0.91 
568  0.62  3.39  1.79  1.24  1.15  0.90 
569  0.62  3.42  1.79  1.24  1.15  0.90 
570  0.62  3.36  1.79  1.24  1.16  0.91 
571  0.62  3.42  1.79  1.23  1.15  0.90 
572  0.61  3.40  1.79  1.24  1.15  0.90 
573  0.61  3.44  1.79  1.23  1.16  0.91 
574  0.61  3.40  1.78  1.23  1.14  0.90 
575  0.61  3.45  1.78  1.23  1.14  0.90 
576  0.60  3.41  1.78  1.23  1.15  0.90 
577  0.61  3.38  1.78  1.23  1.15  0.90 
578  0.61  3.43  1.78  1.23  1.15  0.90 
579  0.61  3.42  1.78  1.23  1.15  0.89 
580  0.60  3.41  1.79  1.22  1.15  0.89 
581  0.60  3.39  1.79  1.22  1.14  0.89 
582  0.60  3.46  1.78  1.22  1.14  0.89 
583  0.60  3.45  1.78  1.22  1.14  0.89 
584  0.60  3.43  1.78  1.22  1.15  0.89 
585  0.60  3.44  1.79  1.21  1.15  0.89 
586  0.59  3.42  1.78  1.22  1.14  0.89 
587  0.60  3.47  1.78  1.22  1.14  0.89 
588  0.60  3.45  1.78  1.21  1.14  0.89 
589  0.60  3.38  1.78  1.22  1.14  0.89 
590  0.60  3.46  1.77  1.22  1.13  0.88 
591  0.59  3.42  1.78  1.21  1.15  0.89 
592  0.60  3.44  1.76  1.21  1.13  0.88 
593  0.59  3.42  1.77  1.21  1.13  0.88 
594  0.60  3.45  1.77  1.21  1.13  0.87 
595  0.59  3.44  1.77  1.21  1.14  0.88 
596  0.59  3.51  1.77  1.21  1.13  0.87 
597  0.59  3.49  1.77  1.20  1.14  0.89 
598  0.59  3.44  1.77  1.21  1.12  0.87 
599  0.59  3.46  1.77  1.21  1.13  0.88 
600  0.59  3.45  1.76  1.21  1.12  0.88 
601  0.58  3.47  1.76  1.21  1.13  0.88 
602  0.59  3.43  1.76  1.21  1.13  0.88 
603  0.58  3.45  1.77  1.20  1.13  0.88 
604  0.58  3.47  1.76  1.21  1.12  0.87 
605  0.58  3.45  1.76  1.21  1.11  0.87 
606  0.57  3.48  1.75  1.20  1.12  0.87 
607  0.58  3.44  1.75  1.20  1.13  0.87 
608  0.58  3.48  1.76  1.19  1.12  0.87 
609  0.58  3.44  1.76  1.19  1.12  0.86 
610  0.58  3.43  1.75  1.20  1.11  0.86 
611  0.57  3.43  1.74  1.19  1.11  0.86 
612  0.57  3.41  1.74  1.20  1.11  0.87 
613  0.57  3.44  1.75  1.19  1.11  0.86 
614  0.57  3.45  1.74  1.20  1.11  0.86 
615  0.57  3.41  1.75  1.19  1.12  0.87 
616  0.57  3.42  1.74  1.20  1.11  0.86 
617  0.58  3.37  1.75  1.19  1.11  0.86 
618  0.57  3.40  1.74  1.20  1.11  0.85 
619  0.57  3.42  1.76  1.19  1.11  0.86 
620  0.57  3.43  1.74  1.19  1.11  0.86 
621  0.57  3.40  1.74  1.19  1.11  0.85 
622  0.56  3.37  1.74  1.19  1.09  0.85 
623  0.56  3.38  1.74  1.19  1.10  0.86 
624  0.56  3.40  1.74  1.19  1.10  0.86 
625  0.56  3.38  1.74  1.19  1.10  0.85 
626  0.56  3.37  1.73  1.19  1.10  0.85 
627  0.56  3.42  1.74  1.18  1.11  0.85 
628  0.56  3.38  1.74  1.18  1.09  0.85 
629  0.56  3.40  1.73  1.19  1.09  0.85 
630  0.56  3.38  1.74  1.18  1.10  0.85 
631  0.55  3.39  1.75  1.18  1.10  0.84 
632  0.55  3.43  1.75  1.18  1.10  0.85 
633  0.56  3.38  1.74  1.18  1.09  0.85 
634  0.55  3.38  1.74  1.17  1.09  0.84 
635  0.55  3.39  1.73  1.17  1.09  0.85 
636  0.54  3.37  1.74  1.17  1.09  0.85 
637  0.55  3.39  1.73  1.18  1.10  0.84 
638  0.55  3.40  1.74  1.18  1.08  0.85 
639  0.55  3.41  1.73  1.17  1.10  0.85 
640  0.55  3.44  1.74  1.17  1.09  0.83 
641  0.55  3.42  1.73  1.17  1.08  0.84 
642  0.55  3.42  1.73  1.17  1.09  0.83 
643  0.55  3.44  1.72  1.16  1.09  0.83 
644  0.55  3.39  1.73  1.17  1.09  0.84 
645  0.55  3.39  1.73  1.17  1.09  0.83 
646  0.54  3.37  1.72  1.17  1.07  0.84 
647  0.54  3.38  1.72  1.16  1.08  0.83 
648  0.54  3.41  1.73  1.16  1.08  0.83 
649  0.54  3.37  1.73  1.16  1.08  0.83 
650  0.54  3.39  1.72  1.16  1.08  0.84 
651  0.54  3.43  1.72  1.15  1.09  0.84 
652  0.54  3.40  1.71  1.16  1.08  0.82 
653  0.54  3.40  1.71  1.17  1.07  0.82 
654  0.54  3.38  1.71  1.16  1.07  0.83 
655  0.54  3.39  1.70  1.17  1.08  0.82 
656  0.54  3.38  1.71  1.16  1.08  0.82 
657  0.54  3.35  1.71  1.16  1.08  0.83 
658  0.54  3.40  1.71  1.17  1.07  0.82 
659  0.54  3.40  1.70  1.15  1.07  0.82 
660  0.53  3.37  1.70  1.15  1.07  0.82 
661  0.53  3.39  1.70  1.16  1.07  0.82 
662  0.54  3.40  1.70  1.16  1.07  0.82 
663  0.53  3.38  1.70  1.16  1.07  0.82 
664  0.53  3.40  1.70  1.15  1.06  0.81 
665  0.53  3.41  1.70  1.15  1.07  0.81 
666  0.53  3.40  1.70  1.16  1.06  0.82 
667  0.52  3.37  1.70  1.15  1.07  0.82 
668  0.53  3.41  1.70  1.14  1.07  0.82 
669  0.52  3.37  1.70  1.14  1.06  0.82 
670  0.52  3.41  1.69  1.15  1.07  0.82 
671  0.52  3.43  1.70  1.14  1.06  0.82 
672  0.53  3.44  1.71  1.15  1.06  0.82 
673  0.52  3.36  1.70  1.15  1.05  0.82 
674  0.52  3.38  1.70  1.15  1.06  0.81 
675  0.52  3.37  1.70  1.15  1.07  0.82 
676  0.53  3.39  1.70  1.14  1.06  0.81 
677  0.52  3.37  1.70  1.14  1.05  0.81 
678  0.52  3.36  1.70  1.14  1.06  0.81 
679  0.52  3.39  1.70  1.14  1.06  0.81 
680  0.52  3.39  1.71  1.14  1.06  0.81 
681  0.52  3.42  1.70  1.14  1.06  0.80 
682  0.52  3.38  1.70  1.14  1.05  0.81 
683  0.52  3.38  1.70  1.13  1.05  0.81 
684  0.52  3.39  1.70  1.13  1.05  0.81 
685  0.52  3.42  1.69  1.13  1.06  0.81 
686  0.51  3.41  1.69  1.14  1.06  0.81 
687  0.52  3.42  1.70  1.13  1.06  0.81 
688  0.51  3.40  1.69  1.13  1.05  0.80 
689  0.51  3.42  1.70  1.13  1.05  0.80 
690  0.51  3.41  1.69  1.13  1.05  0.80 
691  0.51  3.44  1.69  1.13  1.05  0.80 
692  0.52  3.41  1.69  1.13  1.05  0.80 
693  0.51  3.40  1.69  1.13  1.05  0.80 
694  0.51  3.47  1.69  1.13  1.04  0.80 
695  0.51  3.42  1.69  1.13  1.04  0.80 
696  0.51  3.39  1.69  1.12  1.05  0.80 
697  0.51  3.42  1.68  1.12  1.04  0.79 
698  0.51  3.40  1.67  1.13  1.04  0.80 
699  0.51  3.42  1.68  1.13  1.05  0.80 
700  0.51  3.45  1.67  1.12  1.04  0.79 
701  0.50  3.49  1.67  1.13  1.04  0.79 
702  0.50  3.39  1.68  1.12  1.04  0.79 
703  0.50  3.40  1.68  1.12  1.04  0.79 
704  0.51  3.45  1.68  1.12  1.04  0.79 
705  0.50  3.43  1.67  1.12  1.04  0.80 
706  0.50  3.47  1.67  1.12  1.03  0.79 
707  0.50  3.48  1.67  1.12  1.03  0.79 
708  0.50  3.41  1.68  1.12  1.03  0.79 
709  0.50  3.46  1.68  1.12  1.03  0.79 
710  0.50  3.46  1.68  1.12  1.04  0.79 
711  0.50  3.46  1.68  1.12  1.04  0.79 
712  0.50  3.49  1.67  1.12  1.03  0.78 
713  0.49  3.39  1.67  1.12  1.03  0.79 
714  0.49  3.47  1.67  1.12  1.03  0.78 
715  0.50  3.44  1.68  1.11  1.03  0.78 
716  0.49  3.47  1.67  1.11  1.03  0.78 
717  0.49  3.43  1.67  1.12  1.04  0.78 
718  0.49  3.45  1.66  1.11  1.02  0.78 
719  0.49  3.41  1.66  1.11  1.03  0.78 
720  0.50  3.41  1.67  1.11  1.02  0.78 
721  0.49  3.40  1.66  1.11  1.03  0.78 
722  0.49  3.45  1.66  1.11  1.03  0.78 
723  0.49  3.37  1.66  1.11  1.03  0.78 
724  0.49  3.43  1.67  1.11  1.02  0.77 
725  0.49  3.41  1.67  1.10  1.02  0.77 
726  0.49  3.45  1.66  1.10  1.03  0.78 
727  0.49  3.46  1.67  1.11  1.03  0.77 
728  0.48  3.43  1.66  1.10  1.03  0.78 
729  0.49  3.44  1.66  1.10  1.03  0.78 
730  0.48  3.45  1.67  1.11  1.02  0.77 
731  0.48  3.44  1.67  1.10  1.02  0.77 
732  0.49  3.43  1.67  1.11  1.02  0.77 
733  0.48  3.43  1.66  1.10  1.02  0.77 
734  0.49  3.48  1.66  1.10  1.03  0.78 
735  0.48  3.45  1.67  1.10  1.02  0.78 
736  0.48  3.49  1.66  1.11  1.02  0.77 
737  0.48  3.47  1.66  1.10  1.01  0.77 
738  0.48  3.45  1.66  1.10  1.01  0.77 
739  0.48  3.46  1.66  1.11  1.02  0.77 
740  0.48  3.46  1.66  1.10  1.02  0.76 
741  0.48  3.48  1.66  1.10  1.02  0.77 
742  0.48  3.43  1.66  1.10  1.01  0.77 
743  0.47  3.48  1.66  1.10  1.01  0.77 
744  0.48  3.48  1.66  1.09  1.01  0.77 
745  0.48  3.47  1.66  1.10  1.01  0.77 
746  0.48  3.47  1.66  1.09  1.02  0.77 
747  0.47  3.45  1.65  1.09  1.02  0.77 
748  0.47  3.47  1.65  1.10  1.01  0.76 
749  0.47  3.45  1.65  1.09  1.00  0.75 
750  0.47  3.41  1.66  1.10  1.00  0.76 
751  0.47  3.45  1.65  1.10  1.01  0.75 
752  0.47  3.46  1.66  1.09  1.01  0.76 
753  0.47  3.42  1.65  1.09  1.01  0.75 
754  0.47  3.47  1.65  1.09  1.00  0.76 
755  0.47  3.44  1.65  1.09  1.00  0.76 
756  0.47  3.41  1.65  1.09  1.00  0.76 
757  0.47  3.39  1.65  1.09  1.01  0.76 
758  0.47  3.40  1.64  1.09  1.01  0.76 
759  0.47  3.42  1.64  1.09  1.01  0.76 
760  0.47  3.43  1.64  1.08  1.00  0.75 
761  0.47  3.42  1.65  1.09  1.00  0.75 
762  0.47  3.41  1.65  1.08  1.00  0.75 
763  0.47  3.42  1.64  1.09  1.00  0.75 
764  0.46  3.44  1.64  1.09  1.00  0.76 
765  0.47  3.40  1.65  1.08  1.00  0.75 
766  0.46  3.39  1.64  1.08  1.00  0.75 
767  0.46  3.33  1.64  1.09  1.00  0.75 
768  0.46  3.42  1.65  1.08  1.00  0.76 
769  0.46  3.41  1.64  1.08  1.00  0.75 
770  0.46  3.38  1.64  1.08  1.00  0.75 
771  0.46  3.30  1.64  1.08  1.00  0.75 
772  0.46  3.38  1.63  1.08  1.00  0.74 
773  0.46  3.42  1.64  1.08  1.00  0.74 
774  0.46  3.42  1.64  1.08  0.99  0.74 
775  0.46  3.43  1.63  1.08  1.00  0.75 
776  0.46  3.36  1.64  1.08  0.99  0.75 
777  0.46  3.42  1.63  1.08  1.00  0.75 
778  0.46  3.43  1.64  1.07  0.99  0.74 
779  0.46  3.42  1.64  1.08  0.99  0.74 
780  0.46  3.40  1.64  1.08  0.99  0.74 
781  0.46  3.40  1.63  1.07  0.99  0.74 
782  0.45  3.43  1.63  1.08  0.99  0.75 
783  0.46  3.42  1.63  1.08  1.00  0.74 
784  0.46  3.40  1.63  1.08  0.99  0.73 
785  0.45  3.39  1.63  1.07  0.99  0.74 
786  0.45  3.41  1.63  1.08  0.99  0.74 
787  0.45  3.42  1.63  1.07  0.99  0.74 
788  0.45  3.41  1.63  1.07  0.99  0.73 
789  0.45  3.40  1.63  1.08  0.99  0.74 
790  0.45  3.43  1.62  1.07  0.98  0.74 
791  0.45  3.39  1.63  1.07  0.98  0.74 
792  0.45  3.40  1.63  1.07  0.98  0.74 
793  0.45  3.39  1.62  1.07  0.99  0.73 
794  0.45  3.42  1.63  1.07  0.98  0.74 
795  0.45  3.40  1.62  1.07  0.98  0.74 
796  0.45  3.36  1.63  1.07  0.97  0.73 
797  0.45  3.41  1.62  1.07  0.97  0.74 
798  0.45  3.36  1.62  1.07  0.98  0.73 
799  0.45  3.40  1.63  1.07  0.99  0.73 
800  0.45  3.38  1.62  1.06  0.99  0.73 
801  0.45  3.39  1.63  1.06  0.98  0.73 
802  0.44  3.37  1.62  1.07  0.98  0.73 
803  0.44  3.35  1.63  1.07  0.98  0.73 
804  0.44  3.35  1.62  1.06  0.97  0.73 
805  0.44  3.41  1.62  1.07  0.98  0.73 
806  0.44  3.40  1.62  1.07  0.97  0.73 
807  0.45  3.37  1.62  1.06  0.98  0.73 
808  0.45  3.45  1.62  1.06  0.97  0.72 
809  0.44  3.41  1.62  1.06  0.97  0.73 
810  0.45  3.36  1.62  1.06  0.97  0.72 
811  0.44  3.42  1.62  1.06  0.97  0.73 
812  0.44  3.38  1.62  1.06  0.98  0.72 
813  0.44  3.40  1.61  1.06  0.98  0.72 
814  0.44  3.44  1.62  1.06  0.97  0.72 
815  0.44  3.42  1.62  1.06  0.97  0.73 
816  0.44  3.43  1.62  1.06  0.96  0.73 
817  0.43  3.40  1.61  1.05  0.97  0.72 
818  0.44  3.45  1.61  1.06  0.97  0.73 
819  0.44  3.44  1.62  1.06  0.97  0.73 
820  0.43  3.39  1.61  1.05  0.97  0.72 
821  0.43  3.45  1.61  1.05  0.97  0.72 
822  0.43  3.43  1.61  1.06  0.97  0.72 
823  0.43  3.45  1.62  1.05  0.97  0.72 
824  0.44  3.47  1.61  1.05  0.97  0.72 
825  0.43  3.44  1.61  1.05  0.97  0.72 
826  0.43  3.48  1.61  1.05  0.96  0.72 
827  0.43  3.47  1.61  1.05  0.96  0.72 
828  0.43  3.41  1.61  1.05  0.96  0.72 
829  0.43  3.41  1.61  1.05  0.97  0.72 
830  0.43  3.44  1.61  1.05  0.97  0.72 
831  0.43  3.51  1.61  1.05  0.96  0.72 
832  0.43  3.50  1.61  1.05  0.96  0.71 
833  0.43  3.46  1.60  1.06  0.96  0.71 
834  0.43  3.46  1.61  1.05  0.96  0.72 
835  0.43  3.45  1.60  1.05  0.96  0.71 
836  0.42  3.48  1.60  1.05  0.97  0.71 
837  0.43  3.46  1.61  1.05  0.96  0.71 
838  0.43  3.44  1.60  1.05  0.96  0.71 
839  0.43  3.41  1.61  1.04  0.96  0.71 
840  0.43  3.45  1.61  1.05  0.96  0.71 
841  0.42  3.46  1.60  1.05  0.96  0.71 
842  0.43  3.50  1.61  1.04  0.96  0.72 
843  0.42  3.50  1.60  1.04  0.96  0.71 
844  0.42  3.49  1.60  1.04  0.95  0.70 
845  0.42  3.46  1.60  1.04  0.95  0.70 
846  0.42  3.43  1.60  1.05  0.96  0.70 
847  0.43  3.46  1.60  1.04  0.96  0.70 
848  0.42  3.51  1.60  1.05  0.96  0.71 
849  0.43  3.48  1.60  1.04  0.96  0.70 
850  0.42  3.47  1.59  1.04  0.95  0.71 
851  0.42  3.50  1.60  1.04  0.95  0.70 
852  0.42  3.52  1.60  1.04  0.95  0.71 
853  0.42  3.48  1.60  1.04  0.95  0.71 
854  0.42  3.53  1.59  1.04  0.96  0.71 
855  0.42  3.49  1.59  1.04  0.95  0.70 
856  0.42  3.41  1.60  1.04  0.95  0.70 
857  0.42  3.43  1.60  1.04  0.95  0.70 
858  0.42  3.45  1.59  1.04  0.94  0.70 
859  0.41  3.48  1.59  1.04  0.95  0.70 
860  0.42  3.51  1.60  1.04  0.95  0.70 
861  0.41  3.51  1.59  1.04  0.95  0.70 
862  0.42  3.52  1.59  1.04  0.95  0.71 
863  0.42  3.50  1.60  1.04  0.95  0.70 
864  0.41  3.49  1.59  1.04  0.95  0.70 
865  0.42  3.44  1.59  1.03  0.95  0.70 
866  0.41  3.46  1.59  1.04  0.95  0.70 
867  0.42  3.43  1.59  1.04  0.95  0.70 
868  0.42  3.43  1.59  1.03  0.94  0.70 
869  0.41  3.48  1.59  1.04  0.94  0.70 
870  0.41  3.47  1.59  1.03  0.94  0.70 
871  0.41  3.48  1.59  1.03  0.96  0.69 
872  0.41  3.47  1.59  1.04  0.94  0.70 
873  0.42  3.51  1.59  1.03  0.95  0.70 
874  0.41  3.47  1.59  1.03  0.93  0.70 
875  0.41  3.43  1.59  1.03  0.94  0.69 
876  0.41  3.47  1.59  1.03  0.94  0.70 
877  0.41  3.46  1.58  1.03  0.94  0.70 
878  0.41  3.45  1.59  1.03  0.95  0.69 
879  0.41  3.47  1.59  1.03  0.94  0.69 
880  0.41  3.45  1.58  1.03  0.94  0.69 
881  0.41  3.52  1.58  1.03  0.94  0.69 
882  0.41  3.49  1.58  1.03  0.94  0.69 
883  0.41  3.47  1.58  1.03  0.94  0.69 
884  0.41  3.45  1.58  1.03  0.94  0.69 
885  0.41  3.50  1.57  1.03  0.94  0.69 
886  0.41  3.47  1.58  1.03  0.93  0.69 
887  0.40  3.46  1.58  1.03  0.93  0.69 
888  0.41  3.45  1.59  1.03  0.94  0.69 
889  0.40  3.45  1.58  1.02  0.94  0.69 
890  0.40  3.44  1.58  1.03  0.94  0.69 
891  0.40  3.43  1.58  1.02  0.94  0.69 
892  0.40  3.47  1.58  1.03  0.93  0.68 
893  0.40  3.49  1.57  1.03  0.93  0.68 
894  0.40  3.48  1.58  1.02  0.94  0.68 
895  0.40  3.52  1.58  1.03  0.94  0.68 
896  0.41  3.47  1.57  1.02  0.93  0.68 
897  0.40  3.42  1.58  1.02  0.94  0.68 
898  0.40  3.45  1.57  1.02  0.93  0.69 
899  0.40  3.43  1.58  1.01  0.93  0.68 
900  0.40  3.47  1.58  1.02  0.93  0.69 
901  0.40  3.49  1.57  1.02  0.93  0.68 
902  0.40  3.49  1.57  1.02  0.93  0.69 
903  0.40  3.47  1.58  1.02  0.94  0.69 
904  0.40  3.48  1.57  1.02  0.92  0.68 
905  0.40  3.48  1.57  1.02  0.93  0.68 
906  0.40  3.47  1.58  1.02  0.93  0.68 
907  0.40  3.52  1.57  1.02  0.93  0.68 
908  0.40  3.53  1.56  1.02  0.93  0.68 
909  0.40  3.50  1.57  1.02  0.93  0.68 
910  0.40  3.50  1.56  1.02  0.92  0.68 
911  0.40  3.45  1.57  1.02  0.92  0.68 
912  0.40  3.46  1.57  1.02  0.92  0.68 
913  0.39  3.43  1.57  1.01  0.93  0.68 
914  0.39  3.45  1.57  1.02  0.93  0.68 
915  0.40  3.42  1.56  1.01  0.93  0.68 
916  0.39  3.51  1.57  1.02  0.95  0.70 
917  0.41  3.60  1.61  1.01  0.92  0.67 
918  0.39  3.51  1.56  1.01  0.92  0.68 
919  0.39  3.51  1.56  1.01  0.92  0.68 
920  0.39  3.46  1.57  1.01  0.93  0.68 
921  0.39  3.45  1.57  1.01  0.92  0.67 
922  0.39  3.47  1.56  1.01  0.92  0.68 
923  0.39  3.46  1.56  1.01  0.92  0.68 
924  0.39  3.48  1.57  1.01  0.92  0.67 
925  0.39  3.42  1.57  1.01  0.92  0.67 
926  0.39  3.46  1.56  1.01  0.92  0.68 
927  0.39  3.49  1.56  1.02  0.93  0.68 
928  0.39  3.45  1.57  1.01  0.91  0.67 
929  0.38  3.44  1.56  1.01  0.92  0.67 
930  0.39  3.46  1.57  1.01  0.91  0.66 
931  0.39  3.51  1.56  1.01  0.92  0.67 
932  0.38  3.50  1.57  1.01  0.92  0.67 
933  0.39  3.48  1.57  1.01  0.92  0.67 
934  0.39  3.54  1.56  1.01  0.91  0.67 
935  0.39  3.52  1.56  1.01  0.92  0.67 
936  0.39  3.51  1.56  1.01  0.92  0.67 
937  0.38  3.46  1.56  1.01  0.92  0.67 
938  0.38  3.44  1.56  1.01  0.91  0.67 
939  0.38  3.49  1.56  1.00  0.92  0.67 
940  0.38  3.48  1.56  1.00  0.91  0.66 
941  0.39  3.47  1.56  1.00  0.92  0.67 
942  0.38  3.47  1.56  1.00  0.92  0.67 
943  0.38  3.51  1.56  1.00  0.91  0.67 
944  0.38  3.53  1.56  1.00  0.91  0.67 
945  0.38  3.44  1.56  1.00  0.92  0.67 
946  0.38  3.51  1.55  1.00  0.91  0.66 
947  0.38  3.45  1.56  1.00  0.91  0.67 
948  0.38  3.50  1.56  1.00  0.91  0.67 
949  0.38  3.47  1.56  1.00  0.91  0.66 
950  0.38  3.48  1.55  1.00  0.91  0.66 
951  0.38  3.50  1.56  1.00  0.92  0.66 
952  0.38  3.50  1.55  1.00  0.91  0.66 
953  0.38  3.53  1.55  1.00  0.90  0.66 
954  0.38  3.47  1.55  1.00  0.91  0.66 
955  0.38  3.55  1.55  1.00  0.91  0.66 
956  0.38  3.52  1.55  1.00  0.91  0.66 
957  0.38  3.52  1.55  1.00  0.92  0.66 
958  0.38  3.48  1.55  1.00  0.91  0.66 
959  0.38  3.52  1.56  1.00  0.91  0.66 
960  0.38  3.51  1.55  1.00  0.91  0.66 
961  0.38  3.52  1.55  1.00  0.92  0.66 
962  0.37  3.48  1.55  1.00  0.91  0.66 
963  0.38  3.47  1.56  1.00  0.90  0.66 
964  0.37  3.48  1.56  1.00  0.90  0.66 
965  0.37  3.44  1.55  1.00  0.90  0.65 
966  0.38  3.51  1.55  0.99  0.91  0.66 
967  0.37  3.46  1.55  1.00  0.90  0.66 
968  0.37  3.49  1.55  0.99  0.91  0.65 
969  0.37  3.48  1.55  0.99  0.91  0.66 
970  0.37  3.51  1.55  1.00  0.90  0.65 
971  0.37  3.47  1.56  0.99  0.90  0.66 
972  0.37  3.48  1.55  0.99  0.90  0.66 
973  0.37  3.42  1.55  1.00  0.90  0.66 
974  0.37  3.45  1.55  0.99  0.90  0.66 
975  0.37  3.47  1.54  0.99  0.90  0.66 
976  0.37  3.50  1.55  0.99  0.89  0.65 
977  0.37  3.44  1.54  0.99  0.89  0.65 
978  0.37  3.44  1.54  0.99  0.90  0.65 
979  0.37  3.43  1.55  0.99  0.91  0.65 
980  0.37  3.50  1.55  0.99  0.90  0.65 
981  0.37  3.50  1.55  0.99  0.90  0.65 
982  0.37  3.54  1.55  0.99  0.90  0.65 
983  0.36  3.48  1.55  0.99  0.90  0.65 
984  0.37  3.57  1.55  0.99  0.90  0.65 
985  0.37  3.53  1.54  0.99  0.90  0.65 
986  0.37  3.56  1.54  0.99  0.90  0.65 
987  0.36  3.50  1.54  0.98  0.90  0.65 
988  0.37  3.53  1.54  0.99  0.89  0.64 
989  0.37  3.51  1.54  0.99  0.89  0.64 
990  0.37  3.49  1.54  0.98  0.89  0.65 
991  0.36  3.50  1.55  0.99  0.89  0.65 
992  0.36  3.51  1.54  0.98  0.90  0.64 
993  0.37  3.53  1.54  0.98  0.89  0.64 
994  0.36  3.54  1.54  0.98  0.89  0.65 
995  0.37  3.61  1.55  0.99  0.89  0.65 
996  0.36  3.62  1.55  0.98  0.89  0.65 
997  0.36  3.57  1.54  0.98  0.89  0.65 
998  0.36  3.60  1.54  0.99  0.90  0.65 
999  0.36  3.56  1.54  0.98  0.90  0.65 
1000  0.36  3.56  1.53  0.99  0.89  0.64 
1001  0.36  3.60  1.53  0.99  0.89  0.65 
1002  0.37  3.61  1.54  0.99  0.88  0.64 
1003  0.36  3.60  1.54  0.99  0.89  0.64 
1004  0.36  3.60  1.54  0.98  0.89  0.64 
1005  0.36  3.60  1.54  0.98  0.89  0.64 
1006  0.36  3.57  1.54  0.98  0.89  0.64 
1007  0.36  3.57  1.54  0.98  0.89  0.65 
1008  0.36  3.58  1.54  0.98  0.89  0.64 
1009  0.36  3.55  1.53  0.98  0.89  0.64 
1010  0.36  3.55  1.54  0.98  0.89  0.65 
1011  0.36  3.58  1.53  0.98  0.89  0.64 
1012  0.36  3.54  1.54  0.98  0.89  0.64 
1013  0.36  3.55  1.54  0.97  0.88  0.64 
1014  0.36  3.50  1.53  0.98  0.89  0.64 
1015  0.36  3.52  1.53  0.98  0.89  0.64 
1016  0.36  3.51  1.54  0.98  0.89  0.64 
1017  0.36  3.56  1.53  0.97  0.89  0.64 
1018  0.36  3.54  1.53  0.98  0.88  0.64 
1019  0.35  3.54  1.54  0.97  0.88  0.64 
1020  0.36  3.56  1.53  0.97  0.88  0.64 
1021  0.36  3.55  1.53  0.98  0.89  0.64 
1022  0.35  3.59  1.53  0.98  0.88  0.64 
1023  0.35  3.57  1.53  0.98  0.89  0.64 
1024  0.35  3.59  1.53  0.98  0.88  0.63 
1025  0.36  3.59  1.53  0.98  0.88  0.63 
1026  0.35  3.59  1.53  0.98  0.89  0.63 
1027  0.35  3.55  1.53  0.98  0.88  0.64 
1028  0.35  3.56  1.53  0.98  0.88  0.64 
1029  0.35  3.53  1.54  0.97  0.89  0.63 
1030  0.35  3.59  1.53  0.98  0.88  0.64 
1031  0.35  3.56  1.53  0.97  0.88  0.64 
1032  0.35  3.57  1.53  0.97  0.88  0.64 
1033  0.35  3.58  1.53  0.97  0.88  0.63 
1034  0.35  3.54  1.53  0.98  0.88  0.63 
1035  0.35  3.54  1.53  0.97  0.88  0.64 
1036  0.35  3.59  1.53  0.97  0.88  0.63 
1037  0.35  3.53  1.53  0.97  0.88  0.63 
1038  0.35  3.53  1.52  0.97  0.87  0.63 
1039  0.35  3.55  1.52  0.97  0.88  0.63 
1040  0.35  3.57  1.53  0.97  0.88  0.63 
1041  0.35  3.54  1.53  0.97  0.88  0.63 
1042  0.35  3.56  1.52  0.97  0.88  0.63 
1043  0.35  3.60  1.53  0.97  0.88  0.63 
1044  0.34  3.55  1.52  0.97  0.88  0.64 
1045  0.35  3.57  1.52  0.96  0.88  0.63 
1046  0.35  3.55  1.52  0.97  0.88  0.63 
1047  0.35  3.61  1.53  0.97  0.88  0.63 
1048  0.35  3.53  1.52  0.97  0.87  0.63 
1049  0.35  3.58  1.52  0.97  0.87  0.63 
1050  0.35  3.62  1.52  0.97  0.88  0.63 
1051  0.34  3.56  1.52  0.97  0.87  0.63 
1052  0.34  3.61  1.52  0.97  0.88  0.63 
1053  0.34  3.58  1.52  0.97  0.88  0.63 
1054  0.35  3.59  1.52  0.97  0.87  0.63 
1055  0.34  3.61  1.52  0.97  0.87  0.63 
1056  0.35  3.58  1.52  0.97  0.87  0.63 
1057  0.34  3.64  1.52  0.96  0.87  0.63 
1058  0.34  3.54  1.52  0.97  0.87  0.63 
1059  0.35  3.57  1.52  0.96  0.87  0.63 
1060  0.34  3.61  1.52  0.96  0.87  0.62 
1061  0.34  3.58  1.52  0.96  0.87  0.62 
1062  0.35  3.61  1.52  0.96  0.87  0.63 
1063  0.34  3.64  1.52  0.96  0.87  0.63 
1064  0.34  3.61  1.52  0.96  0.87  0.62 
1065  0.35  3.62  1.51  0.96  0.88  0.63 
1066  0.34  3.64  1.51  0.96  0.87  0.62 
1067  0.34  3.64  1.51  0.96  0.87  0.62 
1068  0.34  3.63  1.52  0.96  0.87  0.62 
1069  0.34  3.63  1.52  0.97  0.87  0.62 
1070  0.34  3.63  1.52  0.96  0.88  0.63 
1071  0.34  3.64  1.52  0.96  0.88  0.63 
1072  0.34  3.62  1.51  0.96  0.87  0.62 
1073  0.34  3.56  1.51  0.96  0.87  0.62 
1074  0.34  3.57  1.52  0.96  0.86  0.62 
1075  0.34  3.62  1.51  0.96  0.87  0.62 
1076  0.34  3.63  1.51  0.96  0.86  0.62 
1077  0.34  3.63  1.52  0.96  0.87  0.62 
1078  0.34  3.61  1.52  0.96  0.87  0.62 
1079  0.33  3.58  1.52  0.96  0.87  0.62 
1080  0.34  3.59  1.51  0.96  0.87  0.62 
1081  0.34  3.61  1.51  0.96  0.87  0.62 
1082  0.34  3.55  1.51  0.96  0.87  0.62 
1083  0.34  3.64  1.51  0.95  0.87  0.62 
1084  0.34  3.63  1.51  0.96  0.86  0.62 
1085  0.34  3.66  1.51  0.96  0.87  0.62 
1086  0.33  3.62  1.51  0.95  0.86  0.61 
1087  0.34  3.60  1.52  0.96  0.87  0.62 
1088  0.33  3.69  1.51  0.95  0.87  0.62 
1089  0.33  3.67  1.52  0.95  0.86  0.62 
1090  0.33  3.63  1.51  0.95  0.86  0.62 
1091  0.34  3.67  1.51  0.95  0.86  0.62 
1092  0.33  3.64  1.51  0.95  0.86  0.62 
1093  0.34  3.61  1.50  0.96  0.86  0.62 
1094  0.34  3.56  1.51  0.96  0.86  0.62 
1095  0.33  3.62  1.51  0.95  0.86  0.62 
1096  0.34  3.63  1.51  0.95  0.86  0.61 
1097  0.33  3.62  1.51  0.95  0.86  0.61 
1098  0.33  3.59  1.50  0.95  0.86  0.61 
1099  0.33  3.63  1.51  0.96  0.86  0.61 
1100  0.33  3.63  1.51  0.95  0.86  0.61 
1101  0.33  3.60  1.51  0.96  0.86  0.62 
1102  0.33  3.66  1.50  0.96  0.86  0.61 
1103  0.33  3.66  1.50  0.95  0.86  0.61 
1104  0.33  3.67  1.51  0.95  0.86  0.61 
1105  0.33  3.66  1.50  0.95  0.86  0.61 
1106  0.33  3.69  1.50  0.95  0.86  0.61 
1107  0.33  3.66  1.50  0.95  0.86  0.61 
1108  0.33  3.67  1.51  0.95  0.86  0.61 
1109  0.33  3.69  1.51  0.95  0.86  0.61 
1110  0.33  3.71  1.51  0.95  0.85  0.61 
1111  0.32  3.68  1.51  0.95  0.86  0.61 
1112  0.33  3.66  1.51  0.95  0.86  0.61 
1113  0.33  3.66  1.51  0.95  0.86  0.61 
1114  0.33  3.66  1.50  0.94  0.86  0.61 
1115  0.33  3.65  1.51  0.95  0.86  0.61 
1116  0.33  3.66  1.50  0.95  0.85  0.61 
1117  0.33  3.64  1.50  0.95  0.85  0.61 
1118  0.33  3.73  1.51  0.95  0.86  0.61 
1119  0.33  3.70  1.50  0.95  0.86  0.61 
1120  0.33  3.73  1.50  0.95  0.86  0.60 
1121  0.32  3.67  1.50  0.95  0.85  0.60 
1122  0.32  3.64  1.50  0.94  0.85  0.61 
1123  0.33  3.67  1.50  0.94  0.86  0.61 
1124  0.33  3.68  1.50  0.95  0.85  0.61 
1125  0.32  3.70  1.50  0.95  0.86  0.61 
1126  0.32  3.71  1.50  0.95  0.85  0.61 
1127  0.32  3.71  1.50  0.95  0.86  0.61 
1128  0.32  3.72  1.50  0.95  0.85  0.60 
1129  0.32  3.72  1.50  0.95  0.85  0.60 
1130  0.33  3.71  1.50  0.95  0.86  0.61 
1131  0.32  3.66  1.50  0.94  0.86  0.61 
1132  0.32  3.73  1.49  0.94  0.85  0.60 
1133  0.32  3.69  1.50  0.94  0.85  0.60 
1134  0.32  3.68  1.50  0.94  0.85  0.60 
1135  0.32  3.73  1.50  0.95  0.85  0.61 
1136  0.32  3.71  1.50  0.94  0.85  0.60 
1137  0.32  3.71  1.50  0.94  0.85  0.60 
1138  0.32  3.71  1.50  0.94  0.85  0.60 
1139  0.32  3.70  1.50  0.94  0.85  0.60 
1140  0.32  3.70  1.50  0.94  0.85  0.61 
1141  0.32  3.74  1.50  0.94  0.85  0.60 
1142  0.32  3.74  1.49  0.94  0.85  0.61 
1143  0.32  3.72  1.49  0.94  0.85  0.61 
1144  0.32  3.71  1.49  0.94  0.84  0.60 
1145  0.32  3.74  1.49  0.94  0.85  0.60 
1146  0.32  3.69  1.49  0.94  0.85  0.60 
1147  0.32  3.67  1.49  0.94  0.85  0.60 
1148  0.32  3.74  1.50  0.94  0.84  0.60 
1149  0.32  3.75  1.50  0.94  0.85  0.60 
1150  0.32  3.74  1.49  0.94  0.84  0.60 
1151  0.32  3.75  1.49  0.94  0.84  0.60 
1152  0.32  3.72  1.49  0.94  0.84  0.60 
1153  0.32  3.74  1.49  0.94  0.85  0.60 
1154  0.32  3.72  1.50  0.94  0.84  0.60 
1155  0.32  3.77  1.49  0.94  0.85  0.60 
1156  0.32  3.75  1.50  0.94  0.84  0.60 
1157  0.32  3.80  1.49  0.94  0.84  0.60 
1158  0.31  3.81  1.49  0.94  0.85  0.60 
1159  0.32  3.76  1.49  0.94  0.84  0.59 
1160  0.31  3.75  1.49  0.94  0.84  0.60 
1161  0.31  3.75  1.49  0.93  0.84  0.59 
1162  0.32  3.82  1.49  0.94  0.84  0.60 
1163  0.31  3.84  1.49  0.94  0.84  0.60 
1164  0.31  3.75  1.49  0.93  0.84  0.60 
1165  0.31  3.76  1.49  0.94  0.84  0.60 
1166  0.31  3.77  1.49  0.94  0.84  0.59 
1167  0.32  3.78  1.49  0.94  0.84  0.60 
1168  0.31  3.78  1.49  0.94  0.84  0.59 
1169  0.31  3.77  1.49  0.94  0.84  0.59 
1170  0.31  3.75  1.49  0.94  0.84  0.60 
1171  0.31  3.75  1.49  0.93  0.84  0.60 
1172  0.31  3.79  1.49  0.93  0.84  0.60 
1173  0.31  3.75  1.49  0.93  0.85  0.60 
1174  0.31  3.84  1.48  0.93  0.83  0.59 
1175  0.31  3.77  1.49  0.93  0.83  0.59 
1176  0.31  3.78  1.49  0.94  0.84  0.60 
1177  0.31  3.82  1.48  0.93  0.84  0.60 
1178  0.32  3.79  1.49  0.93  0.84  0.59 
1179  0.31  3.81  1.49  0.93  0.84  0.60 
1180  0.31  3.80  1.48  0.93  0.84  0.59 
1181  0.31  3.79  1.49  0.93  0.83  0.59 
1182  0.31  3.76  1.48  0.93  0.84  0.59 
1183  0.31  3.81  1.49  0.93  0.84  0.59 
1184  0.31  3.79  1.48  0.93  0.84  0.59 
1185  0.31  3.78  1.49  0.93  0.84  0.59 
1186  0.31  3.85  1.49  0.93  0.83  0.59 
1187  0.31  3.85  1.49  0.93  0.84  0.59 
1188  0.31  3.81  1.49  0.93  0.84  0.59 
1189  0.31  3.81  1.48  0.93  0.84  0.59 
1190  0.30  3.78  1.48  0.93  0.84  0.59 
1191  0.31  3.78  1.48  0.92  0.84  0.59 
1192  0.31  3.83  1.49  0.93  0.83  0.59 
1193  0.31  3.78  1.49  0.93  0.84  0.59 
1194  0.31  3.83  1.48  0.93  0.83  0.59 
1195  0.31  3.84  1.48  0.93  0.83  0.59 
1196  0.31  3.82  1.49  0.93  0.84  0.59 
1197  0.31  3.85  1.48  0.92  0.84  0.59 
1198  0.31  3.82  1.48  0.93  0.83  0.59 
1199  0.31  3.76  1.48  0.93  0.83  0.59 
1200  0.31  3.76  1.49  0.92  0.83  0.59 
1201  0.31  3.82  1.49  0.93  0.83  0.59 
1202  0.31  3.81  1.48  0.93  0.83  0.59 
1203  0.30  3.83  1.49  0.92  0.84  0.59 
1204  0.30  3.78  1.48  0.92  0.83  0.58 
1205  0.30  3.79  1.48  0.93  0.83  0.58 
1206  0.30  3.90  1.48  0.92  0.83  0.59 
1207  0.31  3.86  1.48  0.92  0.84  0.58 
1208  0.30  3.87  1.48  0.92  0.83  0.59 
1209  0.30  3.85  1.48  0.92  0.83  0.59 
1210  0.30  3.88  1.48  0.93  0.83  0.59 
1211  0.30  3.81  1.48  0.92  0.83  0.58 
1212  0.30  3.80  1.48  0.92  0.83  0.59 
1213  0.30  3.80  1.48  0.92  0.83  0.59 
1214  0.30  3.80  1.48  0.92  0.83  0.59 
1215  0.30  3.82  1.48  0.92  0.83  0.59 
1216  0.30  3.83  1.48  0.92  0.82  0.58 
1217  0.30  3.85  1.48  0.92  0.83  0.58 
1218  0.30  3.82  1.48  0.92  0.83  0.58 
1219  0.30  3.85  1.48  0.92  0.83  0.58 
1220  0.30  3.91  1.49  0.92  0.83  0.58 
1221  0.30  3.82  1.47  0.93  0.83  0.58 
1222  0.30  3.85  1.48  0.92  0.83  0.58 
1223  0.30  3.88  1.48  0.92  0.83  0.58 
1224  0.30  3.85  1.48  0.92  0.82  0.59 
1225  0.30  3.80  1.48  0.92  0.82  0.58 
1226  0.30  3.90  1.48  0.92  0.83  0.58 
1227  0.30  3.83  1.48  0.92  0.83  0.58 
1228  0.30  3.86  1.48  0.92  0.83  0.58 
1229  0.30  3.88  1.47  0.92  0.82  0.58 
1230  0.30  3.89  1.48  0.92  0.83  0.58 
1231  0.30  3.89  1.47  0.92  0.83  0.58 
1232  0.30  3.86  1.48  0.92  0.83  0.58 
1233  0.30  3.85  1.48  0.91  0.83  0.58 
1234  0.30  3.87  1.48  0.92  0.82  0.58 
1235  0.30  3.88  1.48  0.91  0.83  0.58 
1236  0.30  3.91  1.47  0.92  0.83  0.58 
1237  0.30  3.92  1.47  0.92  0.83  0.58 
1238  0.30  3.95  1.47  0.91  0.83  0.58 
1239  0.30  3.88  1.48  0.91  0.83  0.58 
1240  0.30  3.88  1.47  0.92  0.82  0.57 
1241  0.29  3.86  1.48  0.92  0.82  0.58 
1242  0.30  3.88  1.47  0.92  0.82  0.58 
1243  0.30  3.87  1.47  0.92  0.83  0.58 
1244  0.30  3.88  1.48  0.92  0.83  0.57 
1245  0.29  3.89  1.48  0.92  0.83  0.58 
1246  0.30  3.87  1.47  0.92  0.82  0.58 
1247  0.30  3.86  1.47  0.92  0.82  0.58 
1248  0.30  3.87  1.47  0.92  0.82  0.58 
1249  0.29  3.88  1.47  0.92  0.82  0.58 
1250  0.29  3.84  1.48  0.91  0.82  0.58 
1251  0.29  3.88  1.47  0.92  0.82  0.58 
1252  0.29  3.87  1.46  0.92  0.82  0.57 
1253  0.29  3.87  1.47  0.91  0.82  0.57 
1254  0.29  3.88  1.47  0.91  0.82  0.57 
1255  0.29  3.94  1.47  0.92  0.82  0.57 
1256  0.29  3.94  1.47  0.91  0.82  0.58 
1257  0.29  3.91  1.47  0.91  0.82  0.58 
1258  0.30  3.96  1.47  0.91  0.82  0.57 
1259  0.29  3.88  1.47  0.92  0.82  0.57 
1260  0.29  3.88  1.47  0.91  0.82  0.57 
1261  0.29  3.92  1.47  0.92  0.82  0.58 
1262  0.29  3.92  1.47  0.92  0.82  0.58 
1263  0.29  3.86  1.48  0.91  0.82  0.58 
1264  0.29  3.98  1.47  0.91  0.82  0.57 
1265  0.29  3.93  1.47  0.91  0.82  0.57 
1266  0.29  3.87  1.47  0.91  0.82  0.56 
1267  0.29  3.93  1.47  0.91  0.82  0.57 
1268  0.29  3.98  1.47  0.91  0.82  0.57 
1269  0.29  3.98  1.46  0.91  0.82  0.57 
1270  0.29  3.98  1.47  0.91  0.82  0.57 
1271  0.29  3.94  1.47  0.91  0.82  0.58 
1272  0.29  4.02  1.47  0.91  0.82  0.57 
1273  0.29  3.96  1.47  0.91  0.82  0.57 
1274  0.29  3.91  1.46  0.91  0.82  0.57 
1275  0.29  3.87  1.47  0.91  0.82  0.57 
1276  0.29  3.92  1.46  0.91  0.81  0.56 
1277  0.29  3.93  1.47  0.91  0.81  0.57 
1278  0.29  3.93  1.47  0.90  0.81  0.57 
1279  0.29  3.96  1.47  0.91  0.81  0.57 
1280  0.29  3.95  1.46  0.91  0.82  0.57 
1281  0.29  3.88  1.46  0.91  0.82  0.57 
1282  0.29  3.99  1.46  0.91  0.81  0.57 
1283  0.29  3.90  1.46  0.91  0.81  0.57 
1284  0.29  3.98  1.46  0.91  0.81  0.57 
1285  0.29  3.95  1.46  0.91  0.81  0.57 
1286  0.29  3.96  1.47  0.91  0.82  0.57 
1287  0.29  3.96  1.47  0.91  0.82  0.57 
1288  0.29  3.96  1.46  0.91  0.81  0.57 
1289  0.29  3.97  1.46  0.91  0.81  0.57 
1290  0.29  4.00  1.46  0.91  0.81  0.57 
1291  0.29  3.98  1.46  0.91  0.81  0.57 
1292  0.29  4.03  1.46  0.91  0.81  0.57 
1293  0.29  3.98  1.46  0.91  0.81  0.57 
1294  0.28  4.00  1.46  0.90  0.81  0.56 
1295  0.29  3.97  1.47  0.91  0.81  0.57 
1296  0.28  3.98  1.46  0.91  0.81  0.56 
1297  0.29  4.00  1.46  0.91  0.81  0.57 
1298  0.28  4.03  1.46  0.91  0.82  0.57 
1299  0.29  3.98  1.46  0.90  0.81  0.57 
1300  0.28  3.99  1.45  0.90  0.81  0.56 
1301  0.28  3.97  1.46  0.91  0.81  0.56 
1302  0.28  3.94  1.46  0.90  0.81  0.56 
1303  0.29  4.02  1.46  0.90  0.81  0.57 
1304  0.29  3.99  1.46  0.90  0.81  0.56 
1305  0.28  3.98  1.46  0.90  0.81  0.56 
1306  0.28  4.04  1.45  0.90  0.81  0.57 
1307  0.28  3.96  1.46  0.90  0.81  0.57 
1308  0.28  4.03  1.46  0.90  0.81  0.57 
1309  0.28  4.02  1.46  0.91  0.81  0.57 
1310  0.28  3.93  1.46  0.90  0.81  0.57 
1311  0.28  3.93  1.46  0.90  0.81  0.57 
1312  0.28  3.95  1.46  0.91  0.80  0.56 
1313  0.28  3.94  1.45  0.90  0.81  0.56 
1314  0.28  3.95  1.45  0.90  0.81  0.56 
1315  0.28  4.00  1.46  0.90  0.81  0.56 
1316  0.28  4.02  1.46  0.90  0.81  0.56 
1317  0.28  4.04  1.45  0.90  0.81  0.56 
1318  0.28  4.03  1.45  0.90  0.81  0.56 
1319  0.28  4.03  1.46  0.90  0.81  0.56 
1320  0.28  3.97  1.46  0.90  0.81  0.56 
1321  0.28  4.01  1.52  0.92  0.82  0.57 
1322  0.29  4.06  1.46  0.90  0.81  0.56 
1323  0.28  4.06  1.46  0.90  0.81  0.56 
1324  0.28  4.03  1.46  0.90  0.81  0.56 
1325  0.28  4.00  1.45  0.90  0.81  0.56 
1326  0.28  4.02  1.46  0.90  0.80  0.56 
1327  0.28  4.04  1.46  0.90  0.81  0.56 
1328  0.28  4.05  1.46  0.90  0.80  0.56 
1329  0.28  4.04  1.45  0.90  0.81  0.56 
1330  0.28  4.04  1.45  0.90  0.80  0.56 
1331  0.28  4.06  1.45  0.89  0.80  0.56 
1332  0.28  4.01  1.45  0.90  0.81  0.56 
1333  0.28  4.02  1.45  0.90  0.81  0.56 
1334  0.28  4.01  1.45  0.90  0.81  0.56 
1335  0.28  4.04  1.45  0.90  0.80  0.56 
1336  0.28  4.06  1.45  0.90  0.81  0.56 
1337  0.28  4.07  1.45  0.90  0.80  0.56 
1338  0.28  4.10  1.45  0.90  0.80  0.56 
1339  0.28  4.07  1.45  0.90  0.81  0.56 
1340  0.28  4.08  1.45  0.90  0.81  0.55 
1341  0.28  4.10  1.45  0.90  0.81  0.56 
1342  0.28  4.05  1.45  0.90  0.80  0.56 
1343  0.28  4.03  1.45  0.89  0.80  0.56 
1344  0.28  4.02  1.45  0.90  0.80  0.56 
1345  0.27  4.13  1.45  0.90  0.80  0.56 
1346  0.28  4.11  1.45  0.90  0.80  0.56 
1347  0.27  4.10  1.45  0.89  0.80  0.56 
1348  0.27  4.02  1.46  0.90  0.80  0.55 
1349  0.28  4.10  1.46  0.90  0.80  0.55 
1350  0.27  4.08  1.45  0.89  0.80  0.56 
1351  0.27  4.07  1.45  0.89  0.80  0.55 
1352  0.27  4.09  1.45  0.89  0.80  0.56 
1353  0.27  4.11  1.44  0.89  0.81  0.56 
1354  0.27  4.08  1.45  0.89  0.80  0.55 
1355  0.28  4.06  1.45  0.89  0.80  0.55 
1356  0.27  4.07  1.45  0.89  0.80  0.56 
1357  0.27  4.09  1.45  0.89  0.80  0.56 
1358  0.27  4.05  1.45  0.90  0.80  0.55 
1359  0.27  4.08  1.45  0.89  0.80  0.56 
1360  0.28  4.06  1.45  0.89  0.79  0.55 
1361  0.27  4.06  1.45  0.89  0.80  0.55 
1362  0.27  4.06  1.45  0.89  0.80  0.55 
1363  0.27  4.04  1.45  0.89  0.80  0.55 
1364  0.27  4.06  1.45  0.89  0.80  0.55 
1365  0.27  4.11  1.45  0.89  0.80  0.55 
1366  0.28  4.13  1.45  0.89  0.80  0.55 
1367  0.28  4.12  1.45  0.89  0.80  0.56 
1368  0.27  4.16  1.45  0.89  0.80  0.56 
1369  0.27  4.09  1.45  0.89  0.80  0.55 
1370  0.27  4.10  1.45  0.89  0.80  0.56 
1371  0.27  4.07  1.45  0.89  0.80  0.55 
1372  0.27  4.12  1.44  0.89  0.80  0.55 
1373  0.27  4.13  1.45  0.89  0.79  0.55 
1374  0.27  4.08  1.45  0.89  0.80  0.55 
1375  0.27  4.11  1.45  0.89  0.80  0.55 
1376  0.27  4.13  1.45  0.89  0.80  0.55 
1377  0.27  4.14  1.45  0.88  0.80  0.55 
1378  0.27  4.11  1.45  0.89  0.80  0.55 
1379  0.27  4.11  1.45  0.89  0.79  0.55 
1380  0.27  4.11  1.45  0.89  0.79  0.55 
1381  0.27  4.17  1.45  0.89  0.80  0.55 
1382  0.27  4.14  1.45  0.89  0.80  0.55 
1383  0.27  4.14  1.45  0.89  0.80  0.55 
1384  0.27  4.15  1.44  0.89  0.79  0.55 
1385  0.27  4.14  1.44  0.89  0.80  0.55 
1386  0.27  4.07  1.45  0.89  0.80  0.55 
1387  0.27  4.18  1.44  0.89  0.80  0.55 
1388  0.26  4.20  1.44  0.89  0.80  0.55 
1389  0.27  4.10  1.45  0.89  0.80  0.55 
1390  0.27  4.16  1.44  0.89  0.79  0.55 
1391  0.27  4.16  1.45  0.89  0.79  0.55 
1392  0.27  4.09  1.44  0.89  0.79  0.55 
1393  0.27  4.12  1.44  0.88  0.79  0.55 
1394  0.27  4.12  1.45  0.89  0.79  0.55 
1395  0.27  4.17  1.44  0.89  0.79  0.55 
1396  0.27  4.16  1.43  0.89  0.79  0.54 
1397  0.27  4.20  1.44  0.88  0.79  0.54 
1398  0.27  4.14  1.44  0.89  0.79  0.55 
1399  0.27  4.16  1.44  0.88  0.79  0.55 
1400  0.27  4.21  1.44  0.88  0.80  0.55 
1401  0.27  4.21  1.44  0.88  0.79  0.55 
1402  0.27  4.16  1.44  0.89  0.79  0.55 
1403  0.27  4.18  1.44  0.88  0.79  0.54 
1404  0.26  4.16  1.44  0.88  0.79  0.55 
1405  0.27  4.16  1.44  0.89  0.79  0.55 
1406  0.27  4.23  1.44  0.88  0.79  0.55 
1407  0.27  4.10  1.44  0.88  0.79  0.55 
1408  0.26  4.19  1.44  0.89  0.79  0.54 
1409  0.26  4.18  1.45  0.88  0.78  0.54 
1410  0.27  4.18  1.44  0.89  0.79  0.54 
1411  0.27  4.14  1.44  0.88  0.79  0.55 
1412  0.27  4.15  1.44  0.88  0.79  0.54 
1413  0.27  4.21  1.44  0.88  0.79  0.54 
1414  0.26  4.19  1.44  0.88  0.79  0.55 
1415  0.27  4.14  1.44  0.89  0.79  0.54 
1416  0.26  4.21  1.44  0.88  0.79  0.54 
1417  0.26  4.25  1.44  0.89  0.79  0.55 
1418  0.26  4.15  1.44  0.88  0.79  0.55 
1419  0.26  4.19  1.44  0.88  0.79  0.55 
1420  0.26  4.21  1.43  0.88  0.78  0.54 
1421  0.26  4.18  1.44  0.89  0.79  0.54 
1422  0.26  4.16  1.44  0.88  0.79  0.54 
1423  0.26  4.15  1.44  0.88  0.79  0.54 
1424  0.26  4.11  1.44  0.88  0.79  0.54 
1425  0.26  4.16  1.44  0.88  0.79  0.54 
1426  0.26  4.23  1.43  0.88  0.79  0.55 
1427  0.26  4.20  1.44  0.88  0.79  0.54 
1428  0.26  4.24  1.43  0.88  0.79  0.54 
1429  0.26  4.23  1.44  0.88  0.79  0.55 
1430  0.26  4.17  1.44  0.88  0.79  0.54 
1431  0.26  4.24  1.44  0.87  0.78  0.54 
1432  0.26  4.20  1.44  0.88  0.79  0.54 
1433  0.26  4.24  1.44  0.88  0.79  0.54 
1434  0.26  4.23  1.44  0.88  0.79  0.54 
1435  0.26  4.23  1.44  0.88  0.78  0.54 
1436  0.26  4.15  1.43  0.88  0.79  0.54 
1437  0.26  4.23  1.44  0.88  0.79  0.54 
1438  0.26  4.22  1.43  0.88  0.78  0.54 
1439  0.26  4.18  1.44  0.88  0.79  0.54 
1440  0.26  4.20  1.44  0.88  0.79  0.54 
1441  0.26  4.21  1.44  0.88  0.79  0.54 
1442  0.26  4.18  1.43  0.88  0.79  0.54 
1443  0.26  4.17  1.43  0.87  0.79  0.54 
1444  0.26  4.23  1.43  0.88  0.78  0.54 
1445  0.26  4.20  1.44  0.88  0.78  0.54 
1446  0.26  4.22  1.44  0.87  0.79  0.54 
1447  0.26  4.21  1.44  0.88  0.79  0.54 
1448  0.26  4.22  1.43  0.88  0.79  0.54 
1449  0.26  4.17  1.43  0.87  0.79  0.54 
1450  0.26  4.17  1.43  0.88  0.78  0.54 
1451  0.26  4.14  1.44  0.88  0.79  0.54 
1452  0.26  4.20  1.43  0.87  0.78  0.54 
1453  0.26  4.21  1.43  0.88  0.78  0.54 
1454  0.26  4.21  1.43  0.88  0.79  0.54 
1455  0.26  4.25  1.43  0.88  0.78  0.54 
1456  0.26  4.29  1.43  0.87  0.78  0.54 
1457  0.26  4.23  1.43  0.88  0.78  0.54 
1458  0.26  4.17  1.43  0.88  0.78  0.53 
1459  0.26  4.20  1.43  0.88  0.78  0.54 
1460  0.26  4.24  1.43  0.88  0.79  0.53 
1461  0.26  4.21  1.43  0.87  0.78  0.54 
1462  0.26  4.25  1.43  0.88  0.78  0.54 
1463  0.26  4.23  1.43  0.88  0.78  0.53 
1464  0.26  4.27  1.43  0.87  0.78  0.54 
1465  0.26  4.26  1.43  0.88  0.78  0.54 
1466  0.25  4.20  1.43  0.87  0.78  0.54 
1467  0.25  4.24  1.43  0.88  0.78  0.54 
1468  0.25  4.23  1.43  0.87  0.78  0.53 
1469  0.25  4.22  1.43  0.87  0.78  0.53 
1470  0.26  4.22  1.43  0.87  0.78  0.53 
1471  0.26  4.26  1.43  0.88  0.78  0.53 
1472  0.25  4.26  1.43  0.87  0.79  0.53 
1473  0.26  4.24  1.43  0.87  0.79  0.53 
1474  0.25  4.25  1.43  0.87  0.78  0.53 
1475  0.26  4.26  1.43  0.87  0.78  0.53 
1476  0.25  4.24  1.43  0.87  0.78  0.53 
1477  0.25  4.28  1.43  0.87  0.78  0.53 
1478  0.25  4.26  1.43  0.87  0.78  0.53 
1479  0.26  4.22  1.43  0.87  0.78  0.54 
1480  0.25  4.32  1.43  0.87  0.78  0.53 
1481  0.25  4.25  1.43  0.87  0.78  0.53 
1482  0.25  4.25  1.43  0.87  0.78  0.53 
1483  0.25  4.23  1.43  0.87  0.78  0.53 
1484  0.25  4.28  1.43  0.88  0.78  0.53 
1485  0.25  4.21  1.42  0.87  0.78  0.53 
1486  0.25  4.19  1.42  0.88  0.78  0.53 
1487  0.25  4.19  1.42  0.87  0.78  0.53 
1488  0.26  4.25  1.43  0.87  0.78  0.53 
1489  0.25  4.23  1.43  0.87  0.78  0.53 
1490  0.25  4.24  1.43  0.87  0.78  0.53 
1491  0.25  4.22  1.43  0.87  0.78  0.53 
1492  0.25  4.30  1.43  0.87  0.78  0.53 
1493  0.25  4.22  1.43  0.87  0.78  0.53 
1494  0.25  4.27  1.43  0.87  0.78  0.53 
1495  0.25  4.25  1.43  0.86  0.77  0.53 
1496  0.25  4.28  1.43  0.87  0.78  0.53 
1497  0.25  4.25  1.43  0.86  0.78  0.53 
1498  0.25  4.25  1.43  0.87  0.78  0.53 
1499  0.25  4.24  1.43  0.87  0.77  0.53 
1500  0.25  4.26  1.43  0.87  0.77  0.53 
1501  0.25  4.29  1.43  0.87  0.78  0.53 
1502  0.25  4.29  1.42  0.87  0.77  0.53 
1503  0.25  4.32  1.42  0.87  0.78  0.53 
1504  0.25  4.31  1.42  0.87  0.77  0.53 
1505  0.25  4.28  1.42  0.87  0.77  0.53 
1506  0.25  4.30  1.43  0.87  0.77  0.53 
1507  0.25  4.30  1.42  0.87  0.78  0.53 
1508  0.25  4.34  1.42  0.87  0.77  0.53 
1509  0.25  4.32  1.43  0.87  0.78  0.53 
1510  0.25  4.37  1.43  0.87  0.77  0.53 
1511  0.25  4.32  1.42  0.87  0.77  0.53 
1512  0.25  4.31  1.42  0.87  0.77  0.53 
1513  0.25  4.29  1.42  0.87  0.78  0.53 
1514  0.25  4.33  1.42  0.86  0.78  0.53 
1515  0.25  4.36  1.42  0.86  0.77  0.53 
1516  0.25  4.34  1.42  0.87  0.77  0.52 
1517  0.25  4.33  1.42  0.87  0.78  0.53 
1518  0.25  4.33  1.42  0.86  0.77  0.53 
1519  0.25  4.32  1.42  0.86  0.77  0.53 
1520  0.25  4.36  1.42  0.87  0.77  0.53 
1521  0.25  4.32  1.42  0.86  0.78  0.52 
1522  0.25  4.30  1.42  0.86  0.77  0.53 
1523  0.24  4.29  1.42  0.87  0.77  0.53 
1524  0.25  4.31  1.42  0.86  0.77  0.53 
1525  0.25  4.35  1.42  0.87  0.77  0.53 
1526  0.25  4.30  1.42  0.87  0.77  0.53 
1527  0.25  4.35  1.42  0.86  0.78  0.52 
1528  0.25  4.33  1.42  0.87  0.77  0.52 
1529  0.25  4.31  1.42  0.86  0.77  0.52 
1530  0.25  4.33  1.42  0.86  0.77  0.52 
1531  0.24  4.32  1.42  0.87  0.77  0.52 
1532  0.25  4.33  1.41  0.87  0.77  0.53 
1533  0.24  4.30  1.42  0.86  0.77  0.52 
1534  0.25  4.34  1.42  0.86  0.76  0.53 
1535  0.25  4.30  1.42  0.86  0.77  0.53 
1536  0.24  4.32  1.42  0.86  0.77  0.52 
1537  0.24  4.32  1.42  0.86  0.77  0.53 
1538  0.24  4.35  1.42  0.86  0.77  0.53 
1539  0.24  4.36  1.42  0.86  0.77  0.52 
1540  0.24  4.38  1.42  0.86  0.77  0.52 
1541  0.24  4.34  1.42  0.86  0.77  0.52 
1542  0.24  4.32  1.42  0.86  0.77  0.52 
1543  0.24  4.32  1.42  0.86  0.77  0.53 
1544  0.24  4.32  1.42  0.87  0.77  0.52 
1545  0.24  4.36  1.41  0.86  0.77  0.52 
1546  0.24  4.37  1.42  0.86  0.77  0.53 
1547  0.24  4.33  1.42  0.86  0.77  0.52 
1548  0.24  4.35  1.41  0.86  0.77  0.53 
1549  0.24  4.39  1.41  0.86  0.77  0.53 
1550  0.24  4.34  1.41  0.86  0.77  0.52 
1551  0.24  4.30  1.42  0.86  0.77  0.53 
1552  0.24  4.36  1.42  0.86  0.76  0.52 
1553  0.24  4.37  1.42  0.86  0.77  0.52 
1554  0.24  4.36  1.42  0.86  0.77  0.52 
1555  0.24  4.37  1.42  0.86  0.77  0.52 
1556  0.24  4.36  1.42  0.86  0.77  0.52 
1557  0.24  4.36  1.41  0.86  0.77  0.52 
1558  0.24  4.29  1.42  0.86  0.77  0.52 
1559  0.24  4.35  1.42  0.86  0.77  0.52 
1560  0.24  4.37  1.42  0.86  0.77  0.52 
1561  0.24  4.40  1.41  0.86  0.77  0.52 
1562  0.24  4.38  1.42  0.86  0.77  0.52 
1563  0.24  4.31  1.41  0.86  0.77  0.52 
1564  0.24  4.38  1.41  0.86  0.76  0.52 
1565  0.24  4.37  1.42  0.86  0.76  0.52 
1566  0.24  -478922.69  1.41  0.86  0.76  0.52 
1567  0.24  4.34  1.41  0.85  0.76  0.52 
1568  0.24  4.30  1.42  0.86  0.77  0.52 
1569  0.24  4.35  1.42  0.85  0.76  0.52 
1570  0.24  4.36  1.41  0.86  0.76  0.52 
1571  0.24  4.38  1.42  0.86  0.76  0.52 
1572  0.24  4.39  1.42  0.85  0.76  0.52 
1573  0.24  4.36  1.41  0.86  0.77  0.52 
1574  0.24  4.39  1.42  0.86  0.76  0.52 
1575  0.24  4.38  1.42  0.85  0.77  0.52 
1576  0.24  4.42  1.41  0.86  0.76  0.52 
1577  0.24  4.38  1.41  0.86  0.76  0.52 
1578  0.24  4.41  1.41  0.86  0.76  0.52 
1579  0.24  4.38  1.41  0.86  0.77  0.52 
1580  0.24  4.37  1.41  0.86  0.76  0.52 
1581  0.24  4.33  1.41  0.86  0.77  0.52 
1582  0.24  4.39  1.41  0.86  0.76  0.52 
1583  0.24  4.43  1.41  0.86  0.76  0.52 
1584  0.24  4.40  1.41  0.86  0.76  0.52 
1585  0.24  4.37  1.41  0.86  0.76  0.52 
1586  0.24  4.39  1.41  0.86  0.76  0.52 
1587  0.24  4.45  1.41  0.85  0.76  0.52 
1588  0.24  4.33  1.41  0.85  0.76  0.52 
1589  0.23  4.41  1.42  0.85  0.76  0.52 
1590  0.23  4.38  1.41  0.85  0.76  0.52 
1591  0.24  4.40  1.42  0.85  0.76  0.52 
1592  0.24  4.38  1.41  0.85  0.77  0.52 
1593  0.24  4.41  1.41  0.85  0.77  0.52 
1594  0.24  4.38  1.41  0.86  0.76  0.52 
1595  0.23  4.41  1.41  0.85  0.76  0.52 
1596  0.23  4.39  1.41  0.85  0.76  0.52 
1597  0.23  4.43  1.41  0.86  0.76  0.52 
1598  0.23  4.40  1.41  0.86  0.76  0.52 
1599  0.23  4.44  1.41  0.85  0.76  0.52 
1600  0.24  4.38  1.41  0.85  0.76  0.51 
1601  0.24  4.39  1.41  0.86  0.76  0.51 
1602  0.23  4.43  1.41  0.85  0.76  0.52 
1603  0.23  4.37  1.41  0.86  0.76  0.51 
1604  0.23  4.38  1.40  0.86  0.76  0.51 
1605  0.24  4.36  1.41  0.86  0.76  0.52 
1606  0.23  4.40  1.41  0.85  0.76  0.52 
1607  0.24  4.37  1.41  0.86  0.76  0.52 
1608  0.23  4.39  1.41  0.85  0.76  0.52 
1609  0.24  4.39  1.40  0.85  0.76  0.52 
1610  0.24  4.41  1.41  0.85  0.76  0.52 
1611  0.23  4.37  1.41  0.85  0.76  0.52 
1612  0.23  4.44  1.41  0.85  0.76  0.51 
1613  0.23  4.43  1.41  0.85  0.76  0.51 
1614  0.23  4.44  1.40  0.85  0.76  0.51 
1615  0.23  4.44  1.41  0.85  0.76  0.51 
1616  0.23  4.44  1.41  0.85  0.76  0.51 
1617  0.23  4.40  1.41  0.85  0.76  0.51 
1618  0.23  4.50  1.41  0.85  0.76  0.52 
1619  0.23  4.48  1.41  0.86  0.76  0.51 
1620  0.23  4.49  1.41  0.85  0.76  0.51 
1621  0.23  4.45  1.41  0.85  0.76  0.51 
1622  0.23  4.44  1.41  0.85  0.76  0.51 
1623  0.23  4.48  1.41  0.85  0.76  0.52 
1624  0.23  4.38  1.41  0.85  0.75  0.51 
1625  0.23  4.47  1.41  0.85  0.76  0.51 
1626  0.23  4.44  1.41  0.85  0.76  0.51 
1627  0.23  4.47  1.40  0.85  0.76  0.51 
1628  0.23  4.51  1.41  0.85  0.76  0.51 
1629  0.23  4.53  1.41  0.85  0.76  0.51 
1630  0.23  4.47  1.41  0.85  0.76  0.51 
1631  0.23  4.43  1.41  0.85  0.76  0.51 
1632  0.23  4.49  1.40  0.85  0.76  0.52 
1633  0.23  4.54  1.41  0.85  0.76  0.52 
1634  0.23  4.49  1.41  0.85  0.76  0.51 
1635  0.23  4.50  1.41  0.85  0.76  0.51 
1636  0.23  4.50  1.41  0.85  0.75  0.51 
1637  0.23  4.50  1.41  0.85  0.76  0.51 
1638  0.23  4.49  1.40  0.85  0.75  0.51 
1639  0.23  4.48  1.40  0.85  0.76  0.51 
1640  0.23  4.52  1.40  0.84  0.76  0.51 
1641  0.23  4.49  1.41  0.85  0.76  0.51 
1642  0.23  4.49  1.41  0.84  0.76  0.51 
1643  0.23  4.49  1.40  0.85  0.75  0.51 
1644  0.23  4.48  1.41  0.84  0.76  0.51 
1645  0.23  4.50  1.40  0.85  0.76  0.51 
1646  0.23  4.56  1.41  0.85  0.76  0.51 
1647  0.23  4.52  1.41  0.84  0.76  0.51 
1648  0.23  4.51  1.40  0.85  0.75  0.51 
1649  0.23  4.46  1.40  0.85  0.75  0.51 
1650  0.23  4.52  1.41  0.85  0.76  0.51 
1651  0.23  4.50  1.41  0.85  0.75  0.51 
1652  0.23  4.54  1.40  0.85  0.76  0.51 
1653  0.23  4.50  1.40  0.85  0.76  0.51 
1654  0.23  4.44  1.40  0.85  0.75  0.51 
1655  0.23  4.45  1.40  0.85  0.75  0.51 
1656  0.23  4.49  1.40  0.85  0.75  0.51 
1657  0.23  4.48  1.40  0.85  0.75  0.51 
1658  0.23  4.51  1.40  0.85  0.75  0.51 
1659  0.23  4.54  1.40  0.84  0.75  0.51 
1660  0.23  4.51  1.40  0.85  0.75  0.51 
1661  0.23  4.46  1.40  0.85  0.75  0.50 
1662  0.23  4.45  1.40  0.85  0.75  0.51 
1663  0.23  4.52  1.40  0.84  0.76  0.51 
1664  0.23  4.46  1.40  0.85  0.75  0.51 
1665  0.23  4.50  1.40  0.84  0.75  0.51 
1666  0.23  4.51  1.40  0.85  0.75  0.51 
1667  0.23  4.53  1.40  0.85  0.75  0.51 
1668  0.22  4.55  1.40  0.84  0.75  0.51 
1669  0.23  4.58  1.40  0.84  0.75  0.51 
1670  0.23  4.48  1.40  0.85  0.75  0.51 
1671  0.23  4.52  1.40  0.85  0.75  0.51 
1672  0.22  4.54  1.40  0.85  0.75  0.51 
1673  0.22  4.54  1.40  0.84  0.75  0.51 
1674  0.23  4.51  1.40  0.85  0.75  0.51 
1675  0.23  4.53  1.40  0.84  0.75  0.51 
1676  0.23  4.54  1.40  0.85  0.75  0.51 
1677  0.23  4.50  1.40  0.84  0.75  0.51 
1678  0.22  4.55  1.40  0.84  0.75  0.51 
1679  0.22  4.54  1.40  0.84  0.75  0.51 
1680  0.22  4.54  1.40  0.84  0.75  0.51 
1681  0.22  4.59  1.40  0.84  0.75  0.51 
1682  0.23  4.48  1.40  0.84  0.75  0.51 
1683  0.23  4.51  1.39  0.84  0.75  0.51 
1684  0.22  4.57  1.40  0.85  0.75  0.50 
1685  0.22  4.59  1.40  0.84  0.75  0.50 
1686  0.23  4.56  1.40  0.84  0.75  0.51 
1687  0.22  4.59  1.39  0.85  0.75  0.50 
1688  0.22  4.54  1.40  0.85  0.75  0.50 
1689  0.22  4.55  1.40  0.84  0.75  0.51 
1690  0.22  4.56  1.40  0.84  0.75  0.50 
1691  0.23  4.57  1.40  0.84  0.75  0.51 
1692  0.22  4.53  1.40  0.84  0.75  0.51 
1693  0.22  4.55  1.40  0.84  0.75  0.50 
1694  0.22  4.59  1.40  0.84  0.75  0.50 
1695  0.22  4.55  1.39  0.84  0.75  0.51 
1696  0.22  4.53  1.39  0.84  0.75  0.50 
1697  0.22  4.50  1.40  0.84  0.75  0.50 
1698  0.22  4.56  1.40  0.84  0.74  0.50 
1699  0.22  4.57  1.40  0.84  0.75  0.50 
1700  0.22  4.57  1.40  0.84  0.75  0.50 
1701  0.22  4.57  1.39  0.84  0.75  0.50 
1702  0.22  4.56  1.40  0.84  0.74  0.50 
1703  0.22  4.57  1.40  0.84  0.75  0.50 
1704  0.22  4.54  1.40  0.84  0.75  0.50 
1705  0.22  4.56  1.40  0.84  0.75  0.50 
1706  0.22  4.55  1.40  0.84  0.75  0.51 
1707  0.22  4.56  1.40  0.84  0.75  0.51 
1708  0.22  4.58  1.40  0.84  0.75  0.50 
1709  0.22  4.61  1.40  0.84  0.75  0.50 
1710  0.22  4.56  1.40  0.84  0.75  0.50 
1711  0.22  4.59  1.40  0.84  0.75  0.50 
1712  0.22  4.58  1.40  0.84  0.75  0.50 
1713  0.22  4.54  1.40  0.84  0.75  0.50 
1714  0.22  4.53  1.40  0.84  0.74  0.50 
1715  0.22  4.49  1.40  0.83  0.74  0.50 
1716  0.22  4.53  1.40  0.84  0.75  0.50 
1717  0.22  4.54  1.40  0.84  0.75  0.50 
1718  0.22  4.61  1.40  0.84  0.75  0.50 
1719  0.22  4.60  1.40  0.84  0.75  0.51 
1720  0.22  4.60  1.39  0.84  0.74  0.50 
1721  0.22  4.59  1.39  0.84  0.75  0.50 
1722  0.22  4.51  1.40  0.84  0.74  0.50 
1723  0.22  4.59  1.39  0.84  0.75  0.50 
1724  0.22  4.57  1.39  0.84  0.75  0.50 
1725  0.22  4.60  1.39  0.84  0.75  0.50 
1726  0.22  4.64  1.39  0.84  0.74  0.50 
1727  0.22  4.64  1.40  0.84  0.75  0.50 
1728  0.22  4.61  1.40  0.84  0.74  0.50 
1729  0.22  4.63  1.40  0.84  0.75  0.50 
1730  0.22  4.60  1.39  0.84  0.75  0.50 
1731  0.22  4.53  1.39  0.84  0.74  0.50 
1732  0.22  4.57  1.40  0.84  0.74  0.50 
1733  0.22  4.56  1.40  0.84  0.75  0.50 
1734  0.22  4.64  1.39  0.84  0.75  0.50 
1735  0.22  4.62  1.39  0.84  0.75  0.50 
1736  0.22  4.63  1.39  0.84  0.74  0.50 
1737  0.22  4.61  1.39  0.84  0.75  0.50 
1738  0.22  4.67  1.39  0.84  0.74  0.50 
1739  0.22  4.63  1.40  0.84  0.74  0.50 
1740  0.22  4.63  1.39  0.84  0.74  0.50 
1741  0.22  4.65  1.39  0.84  0.74  0.50 
1742  0.22  4.63  1.39  0.84  0.74  0.50 
1743  0.22  4.64  1.39  0.84  0.74  0.50 
1744  0.22  4.61  1.39  0.84  0.74  0.49 
1745  0.22  4.61  1.39  0.84  0.74  0.50 
1746  0.22  4.60  1.39  0.84  0.74  0.49 
1747  0.22  4.65  1.39  0.84  0.75  0.50 
1748  0.22  4.60  1.40  0.84  0.74  0.50 
1749  0.22  4.67  1.39  0.84  0.74  0.50 
1750  0.22  4.59  1.39  0.84  0.74  0.50 
1751  0.22  4.60  1.39  0.84  0.74  0.50 
1752  0.21  4.63  1.39  0.83  0.74  0.49 
1753  0.21  4.64  1.39  0.84  0.74  0.50 
1754  0.22  4.62  1.39  0.84  0.74  0.50 
1755  0.22  4.64  1.39  0.83  0.75  0.50 
1756  0.22  4.64  1.39  0.84  0.74  0.50 
1757  0.22  4.67  1.39  0.84  0.74  0.49 
1758  0.22  4.59  1.39  0.83  0.74  0.50 
1759  0.22  4.55  1.39  0.83  0.74  0.50 
1760  0.22  4.60  1.39  0.83  0.74  0.50 
1761  0.22  4.61  1.39  0.83  0.75  0.50 
1762  0.22  4.64  1.39  0.84  0.74  0.50 
1763  0.22  4.70  1.39  0.84  0.74  0.50 
1764  0.22  4.62  1.39  0.83  0.74  0.49 
1765  0.21  4.67  1.39  0.83  0.74  0.50 
1766  0.21  4.66  1.39  0.84  0.74  0.50 
1767  0.21  4.66  1.39  0.83  0.74  0.50 
1768  0.22  4.66  1.39  0.83  0.74  0.49 
1769  0.21  4.65  1.39  0.84  0.74  0.49 
1770  0.21  4.64  1.39  0.83  0.74  0.49 
1771  0.21  4.63  1.39  0.83  0.74  0.49 
1772  0.21  4.68  1.39  0.84  0.74  0.50 
1773  0.21  4.69  1.39  0.83  0.74  0.50 
1774  0.22  4.62  1.39  0.83  0.74  0.49 
1775  0.21  4.71  1.39  0.83  0.74  0.50 
1776  0.22  4.61  1.39  0.83  0.74  0.50 
1777  0.21  4.69  1.39  0.83  0.74  0.49 
1778  0.21  4.66  1.39  0.83  0.74  0.50 
1779  0.21  4.67  1.39  0.83  0.74  0.50 
1780  0.21  4.70  1.39  0.83  0.74  0.49 
1781  0.21  4.64  1.39  0.83  0.74  0.49 
1782  0.21  4.68  1.39  0.83  0.74  0.49 
1783  0.21  4.70  1.39  0.83  0.74  0.49 
1784  0.21  4.64  1.39  0.83  0.74  0.49 
1785  0.21  4.71  1.39  0.83  0.74  0.49 
1786  0.21  4.65  1.39  0.83  0.73  0.50 
1787  0.21  4.66  1.39  0.83  0.74  0.49 
1788  0.21  4.63  1.39  0.83  0.74  0.49 
1789  0.21  4.67  1.39  0.83  0.74  0.49 
1790  0.21  4.67  1.39  0.84  0.74  0.49 
1791  0.21  4.69  1.38  0.83  0.74  0.49 
1792  0.21  4.65  1.39  0.83  0.74  0.49 
1793  0.21  4.65  1.39  0.83  0.74  0.49 
1794  0.21  4.70  1.39  0.83  0.74  0.49 
1795  0.21  4.73  1.39  0.83  0.74  0.49 
1796  0.21  4.64  1.39  0.83  0.74  0.49 
1797  0.21  4.68  1.39  0.83  0.74  0.49 
1798  0.21  4.69  1.39  0.83  0.74  0.49 
1799  0.21  4.72  1.39  0.83  0.74  0.49 
1800  0.21  4.66  1.39  0.83  0.74  0.49 
1801  0.21  4.69  1.39  0.83  0.74  0.49 
1802  0.21  4.65  1.39  0.83  0.73  0.49 
1803  0.21  4.63  1.39  0.83  0.74  0.49 
1804  0.21  4.73  1.38  0.83  0.73  0.49 
1805  0.21  4.70  1.38  0.83  0.74  0.49 
1806  0.21  4.76  1.39  0.83  0.73  0.49 
1807  0.21  4.74  1.38  0.83  0.74  0.49 
1808  0.21  4.66  1.39  0.83  0.74  0.49 
1809  0.21  4.70  1.39  0.83  0.74  0.49 
1810  0.21  4.70  1.38  0.83  0.73  0.49 
1811  0.21  4.73  1.38  0.83  0.74  0.49 
1812  0.21  4.66  1.38  0.83  0.74  0.49 
1813  0.21  4.69  1.38  0.83  0.74  0.49 
1814  0.21  4.69  1.39  0.83  0.73  0.49 
1815  0.21  4.63  1.38  0.83  0.74  0.49 
1816  0.21  4.70  1.38  0.83  0.74  0.49 
1817  0.21  4.67  1.38  0.83  0.74  0.49 
1818  0.21  4.67  1.38  0.83  0.74  0.49 
1819  0.21  4.73  1.38  0.83  0.74  0.49 
1820  0.21  4.69  1.38  0.83  0.73  0.49 
1821  0.21  4.68  1.38  0.83  0.73  0.49 
1822  0.21  4.71  1.38  0.83  0.73  0.49 
1823  0.21  4.72  1.38  0.83  0.73  0.49 
1824  0.21  4.75  1.38  0.83  0.74  0.49 
1825  0.21  4.76  1.38  0.83  0.73  0.49 
1826  0.21  4.73  1.38  0.83  0.74  0.49 
1827  0.21  4.68  1.39  0.83  0.73  0.49 
1828  0.21  4.74  1.38  0.83  0.73  0.49 
1829  0.21  4.73  1.38  0.83  0.73  0.49 
1830  0.21  4.73  1.39  0.83  0.73  0.49 
1831  0.21  4.73  1.38  0.82  0.73  0.49 
1832  0.21  4.72  1.38  0.83  0.74  0.49 
1833  0.21  4.70  1.39  0.82  0.73  0.49 
1834  0.21  4.73  1.38  0.83  0.73  0.49 
1835  0.21  4.69  1.38  0.83  0.73  0.49 
1836  0.21  4.73  1.38  0.83  0.73  0.49 
1837  0.21  4.76  1.38  0.83  0.73  0.49 
1838  0.21  4.75  1.38  0.83  0.74  0.49 
1839  0.21  4.77  1.39  0.83  0.74  0.49 
1840  0.21  4.79  1.38  0.83  0.73  0.49 
1841  0.21  4.81  1.38  0.83  0.73  0.49 
1842  0.21  4.78  1.38  0.83  0.73  0.49 
1843  0.21  4.71  1.38  0.83  0.73  0.49 
1844  0.20  4.73  1.38  0.83  0.73  0.49 
1845  0.21  4.74  1.38  0.83  0.73  0.49 
1846  0.21  4.75  1.38  0.83  0.73  0.49 
1847  0.21  4.75  1.38  0.83  0.73  0.49 
1848  0.21  4.74  1.38  0.82  0.73  0.48 
1849  0.21  4.77  1.38  0.82  0.73  0.48 
1850  0.21  4.79  1.38  0.83  0.73  0.49 
1851  0.21  4.78  1.38  0.82  0.73  0.49 
1852  0.21  4.81  1.38  0.82  0.73  0.49 
1853  0.20  4.72  1.38  0.83  0.73  0.49 
1854  0.21  4.70  1.38  0.83  0.73  0.48 
1855  0.21  4.68  1.38  0.83  0.73  0.49 
1856  0.21  4.77  1.38  0.83  0.74  0.49 
1857  0.21  4.73  1.38  0.83  0.73  0.49 
1858  0.20  4.76  1.38  0.82  0.73  0.49 
1859  0.21  4.77  1.38  0.82  0.73  0.49 
1860  0.20  4.73  1.38  0.82  0.73  0.49 
1861  0.20  4.77  1.38  0.83  0.73  0.49 
1862  0.20  4.73  1.38  0.83  0.73  0.49 
1863  0.21  4.74  1.38  0.83  0.74  0.49 
1864  0.20  4.80  1.38  0.83  0.72  0.48 
1865  0.20  4.76  1.38  0.83  0.73  0.48 
1866  0.20  4.77  1.38  0.82  0.73  0.49 
1867  0.21  4.76  1.38  0.83  0.73  0.48 
1868  0.21  4.78  1.38  0.83  0.73  0.48 
1869  0.21  4.75  1.38  0.82  0.73  0.48 
1870  0.21  4.77  1.38  0.83  0.73  0.49 
1871  0.20  4.82  1.38  0.82  0.73  0.49 
1872  0.20  4.77  1.38  0.82  0.73  0.49 
1873  0.20  4.73  1.38  0.82  0.73  0.49 
1874  0.20  4.75  1.38  0.82  0.73  0.49 
1875  0.20  4.75  1.38  0.82  0.73  0.49 
1876  0.20  4.73  1.38  0.82  0.73  0.48 
1877  0.20  4.74  1.38  0.82  0.73  0.48 
1878  0.20  4.75  1.38  0.82  0.73  0.48 
1879  0.20  4.76  1.38  0.82  0.72  0.48 
1880  0.20  4.76  1.38  0.82  0.73  0.49 
1881  0.20  4.71  1.38  0.82  0.73  0.48 
1882  0.20  4.78  1.38  0.82  0.73  0.48 
1883  0.20  4.79  1.38  0.82  0.73  0.48 
1884  0.20  4.70  1.38  0.82  0.73  0.48 
1885  0.21  4.76  1.38  0.82  0.73  0.48 
1886  0.20  4.80  1.38  0.82  0.73  0.48 
1887  0.21  4.81  1.38  0.82  0.73  0.48 
1888  0.20  4.82  1.37  0.82  0.73  0.48 
1889  0.20  4.81  1.38  0.82  0.73  0.48 
1890  0.20  4.78  1.38  0.82  0.73  0.48 
1891  0.20  4.73  1.37  0.82  0.73  0.48 
1892  0.20  4.78  1.38  0.82  0.73  0.48 
1893  0.20  4.75  1.37  0.82  0.73  0.48 
1894  0.20  4.72  1.38  0.82  0.73  0.49 
1895  0.20  4.80  1.38  0.82  0.73  0.48 
1896  0.20  4.76  1.38  0.82  0.73  0.48 
1897  0.20  4.77  1.38  0.82  0.73  0.48 
1898  0.21  4.78  1.38  0.82  0.73  0.48 
1899  0.20  4.71  1.38  0.82  0.72  0.48 
1900  0.20  4.72  1.38  0.82  0.72  0.48 
1901  0.21  4.74  1.38  0.82  0.73  0.48 
1902  0.20  4.74  1.38  0.82  0.73  0.48 
1903  0.20  4.72  1.38  0.82  0.73  0.48 
1904  0.20  4.74  1.37  0.82  0.73  0.48 
1905  0.20  4.76  1.38  0.82  0.72  0.48 
1906  0.20  4.72  1.38  0.82  0.72  0.48 
1907  0.20  4.79  1.38  0.82  0.72  0.48 
1908  0.20  4.76  1.38  0.82  0.73  0.48 
1909  0.20  4.80  1.37  0.82  0.73  0.48 
1910  0.20  4.79  1.38  0.82  0.73  0.48 
1911  0.20  4.74  1.38  0.82  0.73  0.48 
1912  0.20  4.77  1.37  0.82  0.72  0.48 
1913  0.20  4.78  1.37  0.82  0.72  0.48 
1914  0.20  4.75  1.38  0.82  0.72  0.48 
1915  0.20  4.75  1.37  0.82  0.73  0.48 
1916  0.20  4.79  1.37  0.82  0.72  0.48 
1917  0.20  4.80  1.38  0.82  0.73  0.48 
1918  0.20  4.80  1.37  0.82  0.72  0.48 
1919  0.20  4.75  1.38  0.82  0.73  0.48 
1920  0.20  4.75  1.37  0.82  0.72  0.48 
1921  0.20  4.77  1.37  0.82  0.72  0.48 
1922  0.20  4.78  1.37  0.82  0.73  0.48 
1923  0.20  4.78  1.37  0.82  0.73  0.48 
1924  0.20  4.80  1.37  0.82  0.72  0.48 
1925  0.20  4.77  1.37  0.82  0.72  0.48 
1926  0.20  4.78  1.37  0.82  0.72  0.48 
1927  0.20  4.84  1.37  0.82  0.72  0.48 
1928  0.20  4.79  1.37  0.82  0.73  0.48 
1929  0.20  4.75  1.37  0.82  0.73  0.48 
1930  0.20  4.81  1.37  0.82  0.72  0.48 
1931  0.20  4.78  1.37  0.82  0.72  0.48 
1932  0.20  4.81  1.37  0.81  0.72  0.48 
1933  0.20  4.79  1.37  0.82  0.73  0.48 
1934  0.20  4.78  1.37  0.82  0.72  0.48 
1935  0.20  4.77  1.38  0.82  0.72  0.48 
1936  0.20  4.83  1.37  0.82  0.73  0.48 
1937  0.20  4.85  1.37  0.82  0.72  0.48 
1938  0.20  4.76  1.37  0.82  0.72  0.48 
1939  0.20  4.79  1.37  0.82  0.72  0.48 
1940  0.20  4.77  1.37  0.82  0.72  0.48 
1941  0.20  4.85  1.37  0.82  0.72  0.48 
1942  0.20  4.83  1.37  0.82  0.72  0.48 
1943  0.20  4.77  1.37  0.82  0.72  0.48 
1944  0.20  4.80  1.37  0.81  0.72  0.48 
1945  0.20  4.82  1.37  0.82  0.72  0.48 
1946  0.20  4.83  1.37  0.81  0.72  0.48 
1947  0.20  4.78  1.37  0.82  0.72  0.48 
1948  0.20  4.81  1.37  0.82  0.72  0.48 
1949  0.20  4.81  1.37  0.82  0.72  0.47 
1950  0.20  4.79  1.37  0.81  0.72  0.48 
1951  0.20  4.82  1.41  0.81  0.72  0.48 
1952  0.20  4.84  1.37  0.82  0.72  0.48 
1953  0.20  4.69  1.37  0.81  0.72  0.48 
1954  0.20  4.82  1.37  0.82  0.72  0.48 
1955  0.20  4.84  1.37  0.82  0.72  0.48 
1956  0.20  4.82  1.37  0.81  0.72  0.48 
1957  0.20  4.81  1.37  0.82  0.72  0.48 
1958  0.20  4.84  1.37  0.81  0.72  0.48 
1959  0.20  4.82  1.37  0.81  0.72  0.48 
1960  0.20  4.83  1.37  0.82  0.72  0.48 
1961  0.20  4.80  1.37  0.81  0.72  0.48 
1962  0.20  4.79  1.37  0.81  0.72  0.48 
1963  0.20  4.82  1.37  0.81  0.72  0.47 
1964  0.20  4.80  1.37  0.82  0.72  0.48 
1965  0.20  4.81  1.37  0.81  0.72  0.48 
1966  0.20  4.86  1.37  0.81  0.72  0.48 
1967  0.20  4.86  1.37  0.82  0.72  0.48 
1968  0.19  4.87  1.37  0.81  0.72  0.47 
1969  0.19  4.89  1.37  0.81  0.72  0.48 
1970  0.19  4.83  1.37  0.81  0.72  0.48 
1971  0.20  4.81  1.37  0.81  0.72  0.47 
1972  0.20  4.82  1.37  0.82  0.72  0.47 
1973  0.20  4.85  1.37  0.82  0.72  0.47 
1974  0.19  4.84  1.37  0.81  0.72  0.48 
1975  0.19  4.90  1.37  0.81  0.72  0.47 
1976  0.19  4.86  1.37  0.81  0.72  0.47 
1977  0.19  4.81  1.37  0.81  0.72  0.48 
1978  0.20  4.85  1.37  0.81  0.72  0.47 
1979  0.19  4.85  1.37  0.81  0.72  0.48 
1980  0.19  4.85  1.37  0.81  0.72  0.47 
1981  0.19  4.88  1.37  0.82  0.72  0.48 
1982  0.19  4.79  1.37  0.82  0.72  0.48 
1983  0.20  4.74  1.37  0.82  0.72  0.48 
1984  0.19  4.86  1.37  0.81  0.72  0.47 
1985  0.19  4.83  1.37  0.81  0.72  0.47 
1986  0.19  4.86  1.37  0.81  0.72  0.47 
1987  0.19  4.86  1.36  0.82  0.72  0.47 
1988  0.19  4.87  1.37  0.81  0.72  0.48 
1989  0.19  4.84  1.37  0.81  0.72  0.47 
1990  0.19  4.82  1.37  0.81  0.72  0.47 
1991  0.19  4.83  1.37  0.82  0.72  0.47 
1992  0.19  4.86  1.37  0.81  0.72  0.48 
1993  0.19  4.89  1.37  0.81  0.72  0.47 
1994  0.19  4.85  1.37  0.81  0.72  0.47 
1995  0.19  4.84  1.37  0.81  0.72  0.47 
1996  0.19  4.83  1.37  0.81  0.72  0.47 
1997  0.19  4.81  1.37  0.81  0.72  0.47 
1998  0.19  4.81  1.37  0.81  0.72  0.47 
1999  0.19  4.85  1.37  0.81  0.72  0.47 
2000  0.19  4.87  1.37  0.81  0.72  0.47 
2001  0.19  4.84  1.37  0.81  0.72  0.48 
2002  0.19  4.84  1.37  0.81  0.72  0.48 
2003  0.19  4.89  1.37  0.81  0.72  0.47 
2004  0.19  4.86  1.36  0.81  0.72  0.47 
2005  0.19  4.86  1.37  0.81  0.72  0.47 
2006  0.19  4.89  1.37  0.81  0.72  0.48 
2007  0.19  4.86  1.37  0.81  0.72  0.47 
2008  0.19  4.87  1.37  0.81  0.72  0.47 
2009  0.19  4.86  1.37  0.81  0.71  0.47 
2010  0.19  4.86  1.37  0.81  0.72  0.47 
2011  0.20  4.88  1.37  0.81  0.72  0.47 
2012  0.19  4.89  1.37  0.81  0.72  0.47 
2013  0.19  4.90  1.37  0.81  0.72  0.47 
2014  0.19  4.89  1.37  0.81  0.71  0.47 
2015  0.19  4.87  1.37  0.81  0.72  0.47 
2016  0.19  4.88  1.37  0.81  0.72  0.47 
2017  0.19  4.87  1.36  0.81  0.72  0.47 
2018  0.19  4.91  1.36  0.81  0.72  0.47 
2019  0.19  4.91  1.37  0.81  0.71  0.48 
2020  0.19  4.89  1.36  0.81  0.71  0.47 
2021  0.19  4.87  1.36  0.81  0.72  0.47 
2022  0.19  4.86  1.37  0.81  0.72  0.47 
2023  0.19  4.86  1.37  0.81  0.72  0.47 
2024  0.19  4.88  1.37  0.81  0.72  0.47 
2025  0.19  4.91  1.37  0.81  0.72  0.47 
2026  0.19  4.95  1.37  0.81  0.72  0.47 
2027  0.19  4.91  1.36  0.81  0.72  0.47 
2028  0.19  4.90  1.37  0.81  0.72  0.47 
2029  0.19  4.90  1.37  0.81  0.72  0.47 
2030  0.19  4.93  1.36  0.81  0.71  0.47 
2031  0.19  4.94  1.36  0.81  0.72  0.47 
2032  0.19  4.90  1.37  0.81  0.71  0.47 
2033  0.19  4.94  1.36  0.81  0.71  0.47 
2034  0.19  4.89  1.37  0.80  0.71  0.47 
2035  0.19  4.84  1.36  0.81  0.71  0.47 
2036  0.19  4.92  1.37  0.81  0.71  0.47 
2037  0.19  4.90  1.36  0.81  0.72  0.47 
2038  0.19  4.89  1.37  0.81  0.71  0.47 
2039  0.19  4.89  1.36  0.81  0.71  0.47 
2040  0.19  4.86  1.36  0.81  0.71  0.47 
2041  0.19  4.92  1.36  0.81  0.71  0.47 
2042  0.19  4.84  1.37  0.81  0.71  0.47 
2043  0.19  4.90  1.37  0.81  0.72  0.47 
2044  0.19  4.93  1.37  0.80  0.72  0.47 
2045  0.19  4.91  1.36  0.81  0.71  0.47 
2046  0.19  4.85  1.37  0.81  0.71  0.47 
2047  0.19  4.88  1.36  0.81  0.72  0.47 
2048  0.19  4.94  1.37  0.81  0.71  0.47 
