#displaying nanoseconds per input bytes for memcpy and linux, quicktime, chromium, scalar, altivec decoders, first column is number of bytes
8  6.67  8.00  7.75  6.50  7.92  7.00 
9  6.67  8.00  7.75  6.50  8.17  6.83 
10  5.00  6.56  6.06  5.25  5.88  5.56 
11  5.19  6.56  6.44  5.25  6.00  5.62 
12  5.12  6.56  6.56  5.00  6.00  5.62 
13  4.10  5.95  5.40  4.50  5.15  4.70 
14  4.20  5.85  5.65  4.45  5.25  4.55 
15  4.00  5.75  5.65  4.35  5.35  4.70 
16  3.42  5.54  4.79  3.83  4.25  3.79 
17  3.46  5.42  4.96  3.88  4.33  3.92 
18  3.42  5.33  4.88  3.92  4.29  3.79 
19  2.93  5.04  4.36  3.43  3.96  3.39 
20  2.93  5.18  5.00  3.50  4.14  3.50 
21  2.93  4.86  4.46  3.46  4.04  3.46 
22  2.56  5.00  4.06  3.12  3.38  3.22 
23  2.56  4.78  4.09  3.16  3.34  3.22 
24  2.56  4.62  4.22  3.16  3.44  3.16 
25  2.28  4.72  3.83  2.92  3.25  2.97 
26  2.28  4.69  4.22  2.92  3.25  2.94 
27  2.28  4.75  3.89  2.92  2.97  2.56 
28  1.75  3.78  2.92  2.20  2.38  2.03 
29  1.70  3.72  3.12  2.25  2.40  2.05 
30  1.60  3.70  3.08  2.20  2.35  2.05 
31  1.45  3.77  2.80  2.09  2.32  1.91 
32  1.50  3.73  2.93  2.07  2.34  1.91 
33  1.55  3.80  3.14  2.11  2.34  2.00 
34  1.33  3.58  2.71  1.98  2.10  1.83 
35  1.38  3.71  2.81  2.00  2.10  1.90 
36  1.33  3.77  2.79  2.00  2.12  1.88 
37  1.27  3.71  2.65  1.92  2.04  1.81 
38  1.27  3.73  2.75  1.92  2.10  1.81 
39  1.29  3.67  2.96  1.92  2.10  1.81 
40  1.18  3.70  2.82  1.84  1.88  1.54 
41  1.18  3.80  2.89  1.84  1.98  1.61 
42  1.18  3.66  2.86  1.84  1.93  1.59 
43  1.13  3.62  2.77  1.72  1.88  1.55 
44  1.10  3.68  2.83  1.75  1.92  1.55 
45  1.10  3.65  2.77  1.78  1.92  1.55 
46  1.03  3.55  2.66  1.73  1.73  1.45 
47  1.03  3.44  2.73  1.73  1.77  1.48 
48  1.03  3.56  2.73  1.73  1.80  1.47 
49  0.97  3.57  2.59  1.66  1.78  1.47 
50  0.96  3.60  2.71  1.66  1.81  1.46 
51  0.97  3.59  2.65  1.66  1.81  1.49 
52  0.94  3.44  2.51  1.62  1.62  1.33 
53  0.94  3.47  2.57  1.62  1.65  1.35 
54  0.93  3.53  2.61  1.60  1.68  1.33 
55  0.87  3.57  2.57  1.59  1.62  1.30 
56  0.87  3.61  2.58  1.59  1.67  1.33 
57  0.87  3.62  2.58  1.59  1.64  1.29 
58  0.82  3.50  2.46  1.54  1.54  1.27 
59  0.82  3.54  2.51  1.54  1.56  1.29 
60  0.80  3.61  2.49  1.55  1.58  1.30 
61  0.81  3.44  2.46  1.51  1.56  1.26 
62  0.79  3.56  2.46  1.54  1.61  1.26 
63  0.76  3.71  2.46  1.51  1.58  1.25 
64  0.77  3.61  2.40  1.49  1.50  1.16 
65  0.73  3.60  2.44  1.51  1.55  1.17 
66  0.76  3.65  2.44  1.50  1.49  1.16 
67  0.72  3.70  2.36  1.50  1.49  1.14 
68  0.74  3.66  2.40  1.48  1.55  1.16 
69  0.72  3.65  2.40  1.52  1.53  1.16 
70  0.69  3.56  2.33  1.52  1.49  1.16 
71  0.69  3.61  2.34  1.54  1.46  1.14 
72  0.69  3.66  2.39  1.53  1.46  1.15 
73  0.68  3.61  2.30  1.52  1.44  1.13 
74  0.66  3.58  2.35  1.52  1.49  1.15 
75  0.67  3.59  2.34  1.49  1.48  1.14 
76  0.64  3.66  2.27  1.50  1.37  1.03 
77  0.63  3.66  2.35  1.48  1.40  1.05 
78  0.64  3.64  2.30  1.48  1.38  1.05 
79  0.63  3.60  2.28  1.45  1.39  1.03 
80  0.63  3.60  2.30  1.44  1.44  1.05 
81  0.61  3.58  2.31  1.46  1.44  1.05 
82  0.59  3.51  2.30  1.43  1.41  1.03 
83  0.59  3.66  2.32  1.45  1.45  1.03 
84  0.61  3.62  2.31  1.43  1.43  1.06 
85  0.57  3.55  2.32  1.41  1.41  1.04 
86  0.59  3.43  2.33  1.41  1.43  1.04 
87  0.59  3.47  2.35  1.40  1.45  1.04 
88  0.57  3.48  2.26  1.40  1.35  0.96 
89  0.55  3.43  2.29  1.38  1.35  0.96 
90  0.55  3.59  2.28  1.41  1.37  0.96 
91  0.55  3.62  2.36  1.37  1.37  0.98 
92  0.55  3.68  2.40  1.36  1.40  0.98 
93  0.55  3.70  2.25  1.37  1.37  0.98 
94  0.52  3.63  2.23  1.37  1.33  0.95 
95  0.52  3.51  2.27  1.38  1.31  0.98 
96  0.52  3.65  2.37  1.37  1.34  0.95 
97  0.52  3.58  2.33  1.35  1.30  0.96 
98  0.52  3.64  2.36  1.34  1.33  0.95 
99  0.52  3.68  2.19  1.35  1.34  0.98 
100  0.50  3.60  2.16  1.34  1.31  0.88 
101  0.50  3.33  1.99  1.21  1.09  0.73 
102  0.43  2.88  1.72  0.99  0.96  0.65 
103  0.35  2.54  1.54  0.94  0.92  0.64 
104  0.34  2.49  1.49  0.94  0.92  0.64 
105  0.33  2.55  1.56  0.94  0.92  0.63 
106  0.33  2.62  1.53  0.92  0.88  0.64 
107  0.33  2.67  1.52  0.92  0.90  0.62 
108  0.33  2.65  1.52  0.93  0.90  0.63 
109  0.31  2.62  1.50  0.92  0.91  0.64 
110  0.31  2.56  1.52  0.91  0.90  0.64 
111  0.30  2.55  1.52  0.92  0.91  0.64 
112  0.31  2.58  1.49  0.91  0.86  0.60 
113  0.30  2.58  1.50  0.90  0.88  0.59 
114  0.31  2.60  1.50  0.90  0.88  0.60 
115  0.29  2.60  1.49  0.90  0.89  0.60 
116  0.31  2.59  1.49  0.90  0.88  0.60 
117  0.29  2.64  1.50  0.90  0.87  0.60 
118  0.29  2.53  1.48  0.89  0.85  0.60 
119  0.29  2.56  1.50  0.89  0.86  0.61 
120  0.28  2.58  1.49  0.89  0.86  0.59 
121  0.29  2.54  1.46  0.88  0.86  0.60 
122  0.28  2.56  1.48  0.88  0.86  0.61 
123  0.29  2.52  1.48  0.89  0.87  0.60 
124  0.28  2.49  1.48  0.88  0.84  0.57 
125  0.29  2.60  1.48  0.89  0.84  0.58 
126  0.27  2.61  1.49  0.88  0.84  0.57 
127  0.28  2.53  1.47  0.87  0.85  0.56 
128  0.27  2.59  1.47  0.87  0.85  0.58 
129  0.27  2.58  1.46  0.88  0.85  0.58 
130  0.27  2.55  1.46  0.86  0.82  0.57 
131  0.27  2.53  1.47  0.86  0.83  0.57 
132  0.27  2.59  1.47  0.88  0.82  0.57 
133  0.27  2.49  1.46  0.87  0.83  0.57 
134  0.26  2.48  1.46  0.87  0.84  0.58 
135  0.27  2.52  1.47  0.88  0.84  0.58 
136  0.26  2.44  1.46  0.86  0.81  0.54 
137  0.26  2.51  1.46  0.87  0.83  0.54 
138  0.26  2.47  1.46  0.87  0.81  0.55 
139  0.26  2.50  1.44  0.86  0.82  0.55 
140  0.26  2.41  1.46  0.85  0.83  0.55 
141  0.26  2.48  1.44  0.85  0.84  0.55 
142  0.24  2.50  1.44  0.85  0.81  0.55 
143  0.26  2.45  1.45  0.84  0.81  0.55 
144  0.24  2.46  1.45  0.85  0.80  0.54 
145  0.24  2.48  1.43  0.84  0.81  0.55 
146  0.24  2.57  1.43  0.85  0.81  0.56 
147  0.24  2.52  1.44  0.85  0.81  0.56 
148  0.23  2.48  1.42  0.84  0.80  0.53 
149  0.24  2.53  1.43  0.84  0.80  0.52 
150  0.23  2.48  1.43  0.84  0.79  0.52 
151  0.24  2.54  1.42  0.84  0.80  0.52 
152  0.24  2.50  1.45  0.83  0.80  0.53 
153  0.24  2.50  1.43  0.83  0.79  0.52 
154  0.23  2.46  1.41  0.83  0.78  0.52 
155  0.23  2.50  1.43  0.83  0.79  0.53 
156  0.23  2.48  1.42  0.83  0.78  0.54 
157  0.23  2.50  1.40  0.82  0.79  0.53 
158  0.22  2.47  1.41  0.83  0.79  0.53 
159  0.23  2.51  1.42  0.83  0.78  0.53 
160  0.22  2.53  1.40  0.82  0.77  0.50 
161  0.22  2.49  1.41  0.82  0.77  0.50 
162  0.22  2.56  1.41  0.82  0.77  0.51 
163  0.22  2.57  1.41  0.83  0.77  0.52 
164  0.22  2.57  1.41  0.82  0.79  0.51 
165  0.22  2.53  1.42  0.82  0.78  0.52 
166  0.21  2.56  1.40  0.83  0.75  0.50 
167  0.21  2.54  1.41  0.82  0.77  0.50 
168  0.21  2.61  1.41  0.83  0.77  0.52 
169  0.21  2.58  1.40  0.82  0.76  0.51 
170  0.21  2.58  1.39  0.82  0.78  0.52 
171  0.21  2.60  1.40  0.82  0.77  0.51 
172  0.21  2.57  1.38  0.81  0.76  0.50 
173  0.21  2.59  1.41  0.81  0.76  0.50 
174  0.21  2.57  1.40  0.81  0.75  0.49 
175  0.20  2.55  1.39  0.81  0.76  0.50 
176  0.21  2.57  1.40  0.81  0.74  0.50 
177  0.20  2.58  1.39  0.81  0.77  0.50 
178  0.20  2.60  1.38  0.80  0.75  0.50 
179  0.20  2.55  1.41  0.80  0.76  0.51 
180  0.20  2.60  1.40  0.80  0.75  0.52 
181  0.20  2.59  1.38  0.81  0.75  0.50 
182  0.20  2.53  1.40  0.81  0.76  0.50 
183  0.20  2.61  1.39  0.81  0.77  0.50 
184  0.19  2.55  1.37  0.80  0.73  0.50 
185  0.20  2.65  1.39  0.79  0.75  0.47 
186  0.19  2.59  1.39  0.79  0.75  0.47 
187  0.19  2.70  1.38  0.80  0.76  0.49 
188  0.19  2.62  1.38  0.80  0.75  0.47 
189  0.19  2.60  1.38  0.81  0.76  0.48 
190  0.20  2.56  1.38  0.80  0.73  0.49 
191  0.19  2.58  1.38  0.80  0.74  0.49 
192  0.19  2.59  1.39  0.79  0.74  0.49 
193  0.19  2.55  1.37  0.80  0.74  0.49 
194  0.19  2.63  1.37  0.80  0.74  0.49 
195  0.19  2.55  1.38  0.80  0.73  0.48 
196  0.19  2.55  1.37  0.78  0.73  0.47 
197  0.18  2.58  1.38  0.79  0.73  0.47 
198  0.19  2.63  1.37  0.79  0.73  0.47 
199  0.18  2.59  1.37  0.79  0.75  0.47 
200  0.18  2.67  1.37  0.79  0.74  0.47 
201  0.18  2.64  1.37  0.79  0.74  0.47 
202  0.18  2.61  1.34  0.79  0.72  0.48 
203  0.18  2.63  1.38  0.79  0.73  0.47 
204  0.18  2.69  1.38  0.78  0.72  0.48 
205  0.18  2.62  1.37  0.78  0.74  0.47 
206  0.17  2.53  1.37  0.79  0.72  0.48 
207  0.18  2.63  1.37  0.79  0.74  0.47 
208  0.17  2.55  1.35  0.78  0.73  0.46 
209  0.18  2.59  1.37  0.78  0.73  0.46 
210  0.17  2.59  1.37  0.79  0.72  0.46 
211  0.17  2.66  1.35  0.79  0.73  0.46 
212  0.17  2.61  1.35  0.78  0.72  0.46 
213  0.17  2.61  1.37  0.78  0.72  0.46 
214  0.17  2.61  1.35  0.78  0.71  0.47 
215  0.16  2.58  1.36  0.77  0.71  0.47 
216  0.17  2.68  1.35  0.78  0.73  0.49 
217  0.16  2.65  1.34  0.77  0.72  0.46 
218  0.17  2.67  1.36  0.78  0.72  0.46 
219  0.17  2.65  1.35  0.78  0.72  0.47 
220  0.16  2.57  1.34  0.77  0.71  0.45 
221  0.17  2.54  1.36  0.77  0.71  0.45 
222  0.16  2.57  1.35  0.78  0.71  0.45 
223  0.16  2.56  1.35  0.77  0.72  0.45 
224  0.15  2.60  1.35  0.77  0.72  0.46 
225  0.17  2.61  1.35  0.77  0.71  0.46 
226  0.16  2.56  1.34  0.77  0.71  0.45 
227  0.16  2.59  1.35  0.77  0.71  0.46 
228  0.16  2.57  1.35  0.78  0.71  0.46 
229  0.16  2.60  1.34  0.77  0.72  0.45 
230  0.16  2.65  1.34  0.77  0.71  0.46 
231  0.16  2.60  1.35  0.77  0.71  0.46 
232  0.16  2.62  1.34  0.77  0.70  0.44 
233  0.16  2.50  1.35  0.76  0.70  0.46 
234  0.16  2.57  1.35  0.77  0.70  0.45 
235  0.16  2.59  1.34  0.77  0.70  0.45 
236  0.16  2.63  1.35  0.77  0.71  0.45 
237  0.16  2.66  1.34  0.77  0.72  0.45 
238  0.15  2.62  1.34  0.77  0.69  0.44 
239  0.16  2.62  1.34  0.76  0.70  0.45 
240  0.15  2.58  1.35  0.77  0.70  0.46 
241  0.15  2.60  1.33  0.77  0.69  0.44 
242  0.15  2.63  1.33  0.76  0.72  0.44 
243  0.15  2.57  1.35  0.76  0.70  0.45 
244  0.15  2.65  1.34  0.76  0.69  0.43 
245  0.15  2.67  1.34  0.76  0.69  0.45 
246  0.16  2.69  1.34  0.76  0.70  0.43 
247  0.15  2.65  1.33  0.76  0.69  0.44 
248  0.15  2.59  1.35  0.76  0.70  0.44 
249  0.15  2.66  1.33  0.76  0.70  0.43 
250  0.15  2.60  1.33  0.76  0.69  0.44 
251  0.14  2.68  1.33  0.76  0.68  0.44 
252  0.15  2.68  1.34  0.76  0.69  0.45 
253  0.15  2.69  1.33  0.76  0.70  0.45 
254  0.15  2.66  1.33  0.76  0.70  0.45 
255  0.15  2.64  1.34  0.75  0.69  0.44 
256  0.15  2.65  1.33  0.76  0.68  0.44 
257  0.15  2.67  1.33  0.76  0.69  0.45 
258  0.15  2.70  1.33  0.75  0.69  0.44 
259  0.15  2.68  1.32  0.76  0.70  0.43 
260  0.15  2.68  1.33  0.76  0.70  0.44 
261  0.14  2.67  1.32  0.75  0.70  0.44 
262  0.14  2.64  1.32  0.76  0.68  0.44 
263  0.14  2.68  1.33  0.75  0.68  0.44 
264  0.14  2.64  1.33  0.75  0.69  0.44 
265  0.14  2.65  1.32  0.75  0.69  0.44 
266  0.14  2.66  1.33  0.75  0.69  0.44 
267  0.14  2.64  1.33  0.75  0.70  0.44 
268  0.14  2.66  1.31  0.76  0.68  0.43 
269  0.14  2.66  1.33  0.75  0.68  0.42 
270  0.14  2.67  1.33  0.75  0.67  0.43 
271  0.14  2.61  1.32  0.74  0.69  0.43 
272  0.14  2.67  1.32  0.75  0.69  0.43 
273  0.14  2.63  1.33  0.74  0.69  0.43 
274  0.14  2.65  1.32  0.75  0.68  0.43 
275  0.14  2.63  1.32  0.75  0.68  0.43 
276  0.14  2.64  1.33  0.75  0.67  0.43 
277  0.14  2.64  1.32  0.75  0.68  0.44 
278  0.13  2.61  1.32  0.75  0.69  0.44 
279  0.14  2.65  1.32  0.75  0.69  0.44 
280  0.13  2.67  1.31  0.75  0.68  0.42 
281  0.14  2.67  1.33  0.74  0.67  0.43 
282  0.14  2.67  1.32  0.75  0.67  0.43 
283  0.13  2.58  1.31  0.75  0.68  0.43 
284  0.13  2.61  1.32  0.74  0.68  0.43 
285  0.13  2.64  1.32  0.75  0.68  0.43 
286  0.13  2.57  1.31  0.74  0.67  0.44 
287  0.13  2.64  1.32  0.74  0.67  0.43 
288  0.13  2.63  1.31  0.74  0.67  0.44 
289  0.14  2.64  1.31  0.74  0.68  0.43 
290  0.13  2.56  1.32  0.74  0.68  0.44 
291  0.13  2.63  1.31  0.74  0.68  0.44 
292  0.14  2.66  1.31  0.74  0.66  0.43 
293  0.13  2.64  1.32  0.74  0.67  0.43 
294  0.13  2.63  1.32  0.74  0.67  0.43 
295  0.13  2.60  1.31  0.73  0.68  0.43 
296  0.13  2.66  1.32  0.73  0.67  0.43 
297  0.13  2.63  1.32  0.74  0.67  0.42 
298  0.13  2.61  1.31  0.73  0.67  0.44 
299  0.13  2.72  1.32  0.74  0.67  0.43 
300  0.13  2.72  1.31  0.74  0.67  0.43 
301  0.13  2.67  1.31  0.74  0.67  0.43 
302  0.13  2.70  1.31  0.74  0.68  0.43 
303  0.13  2.64  1.32  0.74  0.67  0.44 
304  0.13  2.69  1.31  0.74  0.66  0.42 
305  0.13  2.66  1.31  0.74  0.66  0.42 
306  0.12  2.71  1.31  0.74  0.67  0.43 
307  0.12  2.68  1.30  0.74  0.67  0.43 
308  0.13  2.70  1.30  0.74  0.67  0.43 
309  0.13  2.71  1.31  0.74  0.67  0.42 
310  0.12  2.69  1.31  0.74  0.65  0.44 
311  0.12  2.69  1.31  0.73  0.67  0.43 
312  0.12  2.68  1.31  0.73  0.66  0.43 
313  0.12  2.71  1.30  0.73  0.66  0.43 
314  0.12  2.70  1.31  0.73  0.66  0.42 
315  0.12  2.68  1.31  0.73  0.66  0.42 
316  0.12  2.70  1.29  0.73  0.66  0.42 
317  0.12  2.68  1.31  0.74  0.66  0.42 
318  0.12  2.71  1.30  0.73  0.66  0.42 
319  0.12  2.66  1.29  0.73  0.66  0.44 
320  0.12  2.67  1.30  0.73  0.67  0.44 
321  0.12  2.64  1.29  0.73  0.66  0.41 
322  0.12  2.70  1.28  0.73  0.66  0.42 
323  0.12  2.63  1.31  0.73  0.66  0.43 
324  0.12  2.70  1.29  0.73  0.66  0.42 
325  0.12  2.69  1.29  0.74  0.66  0.42 
326  0.12  2.67  1.30  0.73  0.66  0.45 
327  0.12  2.69  1.30  0.73  0.66  0.45 
328  0.12  2.65  1.29  0.73  0.65  0.43 
329  0.12  2.69  1.30  0.73  0.66  0.41 
330  0.12  2.69  1.30  0.73  0.65  0.43 
331  0.12  2.66  1.29  0.73  0.66  0.44 
332  0.12  2.65  1.30  0.73  0.66  0.43 
333  0.12  2.67  1.30  0.73  0.66  0.41 
334  0.12  2.66  1.30  0.73  0.65  0.42 
335  0.12  2.70  1.30  0.73  0.65  0.42 
336  0.12  2.65  1.29  0.72  0.66  0.42 
337  0.12  2.67  1.28  0.73  0.65  0.42 
338  0.12  2.68  1.30  0.73  0.66  0.42 
339  0.12  2.69  1.30  0.73  0.65  0.42 
340  0.11  2.68  1.29  0.72  0.65  0.41 
341  0.11  2.66  1.29  0.72  0.65  0.44 
342  0.12  2.68  1.30  0.73  0.65  0.43 
343  0.12  2.72  1.29  0.72  0.65  0.43 
344  0.12  2.70  1.30  0.72  0.66  0.43 
345  0.11  2.73  1.30  0.72  0.65  0.42 
346  0.11  2.68  1.29  0.72  0.64  0.42 
347  0.11  2.70  1.29  0.72  0.66  0.41 
348  0.11  2.68  1.30  0.72  0.64  0.41 
349  0.11  2.74  1.29  0.72  0.65  0.42 
350  0.11  2.69  1.29  0.72  0.65  0.42 
351  0.11  2.71  1.29  0.72  0.66  0.42 
352  0.11  2.72  1.29  0.72  0.64  0.42 
353  0.11  2.72  1.29  0.72  0.65  0.40 
354  0.11  2.74  1.29  0.72  0.65  0.40 
355  0.11  2.71  1.29  0.72  0.65  0.40 
356  0.11  2.70  1.30  0.72  0.66  0.41 
357  0.11  2.71  1.29  0.72  0.66  0.41 
358  0.11  2.75  1.29  0.72  0.64  0.41 
359  0.11  2.73  1.28  0.72  0.65  0.41 
360  0.11  2.77  1.29  0.72  0.65  0.41 
361  0.11  2.72  1.29  0.72  0.65  0.41 
362  0.11  2.73  1.30  0.72  0.65  0.41 
363  0.11  2.74  1.29  0.72  0.65  0.41 
364  0.11  2.71  1.28  0.72  0.64  0.40 
365  0.11  2.75  1.28  0.72  0.65  0.40 
366  0.11  2.77  1.28  0.72  0.65  0.40 
367  0.11  2.72  1.28  0.71  0.65  0.40 
368  0.11  2.71  1.28  0.72  0.65  0.40 
369  0.11  2.74  1.28  0.72  0.65  0.40 
370  0.11  2.73  1.28  0.72  0.65  0.41 
371  0.11  2.68  1.28  0.72  0.65  0.41 
372  0.11  2.74  1.29  0.72  0.64  0.40 
373  0.10  2.74  1.27  0.72  0.65  0.41 
374  0.11  2.77  1.28  0.72  0.65  0.41 
375  0.11  2.73  1.28  0.72  0.65  0.41 
376  0.11  2.73  1.28  0.72  0.64  0.40 
377  0.10  2.78  1.29  0.72  0.64  0.39 
378  0.11  2.79  1.28  0.72  0.64  0.40 
379  0.10  2.75  1.28  0.72  0.65  0.40 
380  0.10  2.74  1.29  0.71  0.64  0.40 
381  0.10  2.76  1.28  0.72  0.64  0.40 
382  0.10  2.78  1.28  0.72  0.63  0.40 
383  0.11  2.75  1.28  0.71  0.64  0.40 
384  0.10  2.77  1.28  0.72  0.64  0.40 
385  0.10  2.78  1.28  0.71  0.64  0.40 
386  0.11  2.77  1.28  0.72  0.64  0.40 
387  0.10  2.71  1.28  0.72  0.64  0.41 
388  0.10  2.75  1.28  0.71  0.63  0.40 
389  0.11  2.79  1.29  0.71  0.64  0.39 
390  0.10  2.73  1.28  0.71  0.64  0.39 
391  0.10  2.79  1.28  0.72  0.64  0.40 
392  0.10  2.75  1.29  0.72  0.64  0.40 
393  0.10  2.77  1.28  0.72  0.64  0.40 
394  0.11  2.77  1.28  0.71  0.64  0.40 
395  0.10  2.72  1.28  0.71  0.63  0.40 
396  0.10  2.76  1.28  0.71  0.64  0.40 
397  0.10  2.74  1.28  0.71  0.63  0.40 
398  0.10  2.73  1.27  0.71  0.64  0.40 
399  0.10  2.77  1.28  0.71  0.63  0.39 
400  0.10  2.75  1.28  0.71  0.63  0.39 
401  0.10  2.74  1.29  0.71  0.63  0.39 
402  0.10  2.71  1.27  0.71  0.64  0.40 
403  0.10  2.77  1.27  0.71  0.63  0.39 
404  0.10  2.73  1.28  0.71  0.64  0.39 
405  0.10  2.71  1.28  0.71  0.64  0.39 
406  0.10  2.70  1.27  0.71  0.64  0.40 
407  0.10  2.73  1.28  0.71  0.64  0.40 
408  0.10  2.72  1.28  0.71  0.63  0.40 
409  0.10  2.72  1.28  0.71  0.64  0.40 
410  0.10  2.75  1.28  0.71  0.64  0.40 
411  0.10  2.77  1.28  0.71  0.64  0.40 
412  0.10  2.70  1.27  0.71  0.63  0.39 
413  0.10  2.75  1.28  0.71  0.63  0.39 
414  0.10  2.74  1.28  0.71  0.63  0.39 
415  0.10  2.77  1.28  0.71  0.64  0.39 
416  0.10  2.78  1.28  0.71  0.64  0.39 
417  0.10  2.82  1.28  0.71  0.63  0.39 
418  0.10  2.81  1.27  0.71  0.63  0.39 
419  0.10  2.74  1.28  0.71  0.63  0.39 
420  0.10  2.73  1.27  0.71  0.63  0.39 
421  0.10  2.75  1.26  0.71  0.63  0.40 
422  0.10  2.76  1.27  0.71  0.63  0.40 
423  0.10  2.74  1.28  0.71  0.64  0.40 
424  0.10  2.76  1.27  0.71  0.63  0.38 
425  0.10  2.77  1.27  0.71  0.63  0.39 
426  0.10  2.76  1.27  0.71  0.63  0.39 
427  0.10  2.81  1.27  0.71  0.64  0.39 
428  0.10  2.75  1.27  0.70  0.62  0.39 
429  0.10  2.75  1.27  0.71  0.63  0.39 
430  0.10  2.74  1.27  0.71  0.63  0.39 
431  0.10  2.75  1.28  0.71  0.62  0.39 
432  0.09  2.74  1.28  0.70  0.63  0.39 
433  0.10  2.75  1.27  0.71  0.63  0.39 
434  0.09  2.78  1.27  0.71  0.63  0.39 
435  0.09  2.74  1.28  0.71  0.63  0.39 
436  0.09  2.79  1.27  0.71  0.62  0.39 
437  0.09  2.77  1.27  0.71  0.63  0.38 
438  0.10  2.76  1.27  0.70  0.63  0.39 
439  0.09  2.73  1.27  0.70  0.63  0.39 
440  0.09  2.75  1.27  0.70  0.63  0.38 
441  0.10  2.73  1.27  0.71  0.63  0.38 
442  0.10  2.71  1.27  0.71  0.62  0.39 
443  0.10  2.75  1.27  0.71  0.63  0.39 
444  0.09  2.74  1.27  0.71  0.62  0.39 
445  0.10  2.81  1.26  0.70  0.63  0.39 
446  0.09  2.79  1.27  0.70  0.63  0.39 
447  0.09  2.79  1.28  0.70  0.63  0.39 
448  0.09  2.75  1.27  0.70  0.62  0.38 
449  0.09  2.77  1.27  0.70  0.63  0.38 
450  0.09  2.77  1.27  0.71  0.62  0.38 
451  0.09  2.77  1.26  0.71  0.63  0.38 
452  0.09  2.76  1.26  0.70  0.63  0.39 
453  0.09  2.74  1.27  0.70  0.63  0.38 
454  0.09  2.77  1.27  0.70  0.62  0.38 
455  0.09  2.74  1.27  0.70  0.62  0.39 
456  0.09  2.80  1.27  0.70  0.62  0.38 
457  0.09  2.81  1.26  0.70  0.63  0.39 
458  0.09  2.82  1.27  0.70  0.63  0.39 
459  0.09  2.79  1.27  0.70  0.62  0.39 
460  0.09  2.77  1.27  0.70  0.62  0.37 
461  0.09  2.79  1.27  0.70  0.62  0.38 
462  0.09  2.86  1.27  0.71  0.62  0.38 
463  0.09  2.83  1.26  0.70  0.63  0.38 
464  0.09  2.81  1.27  0.70  0.63  0.38 
465  0.09  2.82  1.26  0.70  0.62  0.38 
466  0.09  2.78  1.26  0.70  0.62  0.38 
467  0.09  2.78  1.28  0.70  0.62  0.38 
468  0.09  2.78  1.27  0.70  0.62  0.38 
469  0.09  2.77  1.25  0.70  0.62  0.39 
470  0.09  2.81  1.27  0.70  0.62  0.39 
471  0.09  2.80  1.27  0.70  0.62  0.39 
472  0.09  2.80  1.26  0.70  0.62  0.38 
473  0.09  2.82  1.27  0.70  0.62  0.38 
474  0.09  2.72  1.26  0.70  0.62  0.38 
475  0.09  2.79  1.26  0.70  0.62  0.38 
476  0.09  2.78  1.27  0.70  0.63  0.38 
477  0.09  2.81  1.27  0.70  0.64  0.38 
478  0.09  2.79  1.26  0.70  0.62  0.38 
479  0.09  2.80  1.27  0.70  0.62  0.38 
480  0.09  2.80  1.26  0.70  0.62  0.38 
481  0.09  2.82  1.26  0.70  0.62  0.39 
482  0.09  2.79  1.26  0.70  0.62  0.39 
483  0.09  2.80  1.27  0.70  0.62  0.39 
484  0.09  2.81  1.26  0.70  0.62  0.38 
485  0.09  2.76  1.27  0.70  0.62  0.37 
486  0.08  2.76  1.26  0.70  0.62  0.38 
487  0.09  2.75  1.26  0.69  0.62  0.38 
488  0.09  2.78  1.27  0.70  0.62  0.38 
489  0.09  2.81  1.26  0.70  0.62  0.38 
490  0.09  2.81  1.25  0.70  0.62  0.38 
491  0.09  2.82  1.27  0.70  0.62  0.38 
492  0.09  2.82  1.26  0.70  0.61  0.38 
493  0.09  2.75  1.26  0.70  0.62  0.38 
494  0.09  2.79  1.27  0.70  0.62  0.38 
495  0.08  2.79  1.27  0.70  0.62  0.38 
496  0.09  2.77  1.26  0.70  0.62  0.37 
497  0.09  2.79  1.26  0.70  0.62  0.37 
498  0.08  2.80  1.27  0.70  0.61  0.37 
499  0.09  2.79  1.27  0.69  0.62  0.38 
500  0.09  2.82  1.27  0.69  0.62  0.38 
501  0.09  2.78  1.27  0.70  0.62  0.38 
502  0.09  2.86  1.26  0.69  0.62  0.38 
503  0.09  2.78  1.27  0.69  0.62  0.38 
504  0.08  2.87  1.26  0.70  0.62  0.38 
505  0.08  2.85  1.25  0.70  0.62  0.38 
506  0.08  2.82  1.26  0.69  0.62  0.38 
507  0.09  2.86  1.26  0.70  0.62  0.38 
508  0.08  2.81  1.26  0.70  0.61  0.37 
509  0.08  2.81  1.26  0.70  0.62  0.37 
510  0.09  2.84  1.26  0.70  0.61  0.37 
511  0.08  2.81  1.25  0.69  0.62  0.38 
512  0.09  2.84  1.26  0.69  0.62  0.38 
513  0.09  2.87  1.26  0.70  0.61  0.37 
514  0.08  2.87  1.25  0.70  0.61  0.38 
515  0.08  2.88  1.26  0.69  0.62  0.38 
516  0.09  2.85  1.26  0.69  0.61  0.38 
517  0.08  2.82  1.26  0.69  0.61  0.38 
518  0.08  2.83  1.26  0.69  0.62  0.38 
519  0.09  2.83  1.26  0.70  0.61  0.37 
520  0.08  2.86  1.26  0.69  0.61  0.37 
521  0.08  2.83  1.26  0.70  0.61  0.37 
522  0.08  2.82  1.26  0.70  0.61  0.37 
523  0.08  2.84  1.26  0.69  0.61  0.37 
524  0.08  2.88  1.26  0.69  0.61  0.37 
525  0.08  2.80  1.26  0.69  0.61  0.37 
526  0.08  2.84  1.25  0.69  0.61  0.37 
527  0.08  2.88  1.26  0.69  0.61  0.37 
528  0.09  2.84  1.26  0.69  0.61  0.37 
529  0.08  2.81  1.26  0.69  0.61  0.37 
530  0.08  2.78  1.26  0.69  0.62  0.37 
531  0.08  2.84  1.26  0.69  0.62  0.37 
532  0.08  2.86  1.25  0.69  0.61  0.37 
533  0.08  2.79  1.26  0.69  0.61  0.37 
534  0.08  2.82  1.26  0.69  0.61  0.37 
535  0.08  2.87  1.26  0.70  0.61  0.37 
536  0.08  2.87  1.26  0.69  0.61  0.37 
537  0.08  2.86  1.26  0.69  0.61  0.37 
538  0.08  2.83  1.25  0.69  0.61  0.37 
539  0.08  2.83  1.26  0.69  0.62  0.37 
540  0.08  2.83  1.25  0.69  0.61  0.37 
541  0.08  2.87  1.25  0.69  0.61  0.37 
542  0.08  2.86  1.25  0.69  0.61  0.37 
543  0.08  2.81  1.25  0.69  0.62  0.37 
544  0.08  2.90  1.25  0.69  0.61  0.37 
545  0.08  2.89  1.26  0.69  0.61  0.37 
546  0.08  2.88  1.26  0.69  0.61  0.37 
547  0.08  2.89  1.26  0.69  0.61  0.37 
548  0.08  2.85  1.26  0.69  0.62  0.37 
549  0.08  2.84  1.26  0.69  0.61  0.37 
550  0.08  2.79  1.25  0.69  0.61  0.37 
551  0.08  2.88  1.25  0.69  0.61  0.37 
552  0.08  2.85  1.26  0.69  0.61  0.37 
553  0.08  2.86  1.25  0.69  0.61  0.37 
554  0.08  2.83  1.25  0.69  0.61  0.37 
555  0.08  2.83  1.25  0.69  0.61  0.37 
556  0.08  2.88  1.25  0.69  0.61  0.36 
557  0.08  2.88  1.26  0.69  0.61  0.37 
558  0.08  2.88  1.26  0.69  0.61  0.36 
559  0.08  2.84  1.25  0.69  0.61  0.37 
560  0.08  2.90  1.26  0.69  0.61  0.37 
561  0.08  2.87  1.26  0.69  0.61  0.37 
562  0.08  2.85  1.25  0.68  0.61  0.36 
563  0.08  2.89  1.25  0.69  0.61  0.37 
564  0.08  2.89  1.25  0.69  0.61  0.37 
565  0.08  2.91  1.25  0.69  0.61  0.37 
566  0.08  2.90  1.25  0.69  0.61  0.37 
567  0.08  2.90  1.25  0.69  0.61  0.37 
568  0.08  2.86  1.25  0.69  0.61  0.36 
569  0.08  2.86  1.26  0.69  0.60  0.36 
570  0.08  2.82  1.25  0.69  0.60  0.37 
571  0.08  2.91  1.25  0.69  0.61  0.37 
572  0.08  2.88  1.26  0.69  0.61  0.37 
573  0.08  2.86  1.25  0.69  0.61  0.37 
574  0.08  2.82  1.25  0.69  0.61  0.37 
575  0.08  2.91  1.26  0.69  0.61  0.37 
576  0.08  2.94  1.25  0.69  0.60  0.37 
577  0.08  2.88  1.25  0.69  0.61  0.37 
578  0.08  2.86  1.26  0.69  0.61  0.37 
579  0.08  2.91  1.25  0.69  0.61  0.37 
580  0.08  2.91  1.25  0.69  0.61  0.36 
581  0.08  2.88  1.26  0.69  0.61  0.36 
582  0.08  2.94  1.26  0.69  0.60  0.37 
583  0.08  2.89  1.25  0.69  0.61  0.37 
584  0.08  2.92  1.25  0.69  0.60  0.37 
585  0.08  2.90  1.25  0.69  0.61  0.37 
586  0.08  2.88  1.25  0.68  0.60  0.37 
587  0.08  2.91  1.26  0.69  0.61  0.37 
588  0.08  2.88  1.26  0.69  0.60  0.36 
589  0.08  2.89  1.24  0.69  0.61  0.37 
590  0.08  2.87  1.26  0.68  0.61  0.37 
591  0.08  2.90  1.26  0.69  0.61  0.37 
592  0.08  2.87  1.25  0.69  0.60  0.36 
593  0.08  2.89  1.25  0.69  0.61  0.36 
594  0.08  2.89  1.25  0.69  0.60  0.36 
595  0.08  2.91  1.25  0.69  0.61  0.36 
596  0.08  2.93  1.25  0.69  0.61  0.37 
597  0.08  2.89  1.25  0.69  0.60  0.36 
598  0.08  2.85  1.25  0.69  0.60  0.36 
599  0.08  2.89  1.25  0.68  0.60  0.37 
600  0.08  2.92  1.25  0.68  0.60  0.37 
601  0.08  2.93  1.25  0.69  0.61  0.37 
602  0.08  2.88  1.24  0.68  0.61  0.37 
603  0.08  2.89  1.25  0.68  0.61  0.37 
604  0.08  2.89  1.24  0.69  0.60  0.36 
605  0.07  2.89  1.25  0.69  0.60  0.36 
606  0.08  2.87  1.25  0.69  0.60  0.36 
607  0.08  2.83  1.24  0.69  0.62  0.36 
608  0.08  2.88  1.25  0.68  0.61  0.36 
609  0.08  2.87  1.25  0.68  0.60  0.36 
610  0.08  2.85  1.25  0.69  0.60  0.36 
611  0.07  2.92  1.24  0.68  0.60  0.36 
612  0.07  2.88  1.24  0.69  0.60  0.36 
613  0.07  2.89  1.25  0.69  0.61  0.36 
614  0.08  2.91  1.24  0.69  0.60  0.36 
615  0.08  2.92  1.24  0.69  0.60  0.37 
616  0.08  2.90  1.24  0.69  0.60  0.36 
617  0.08  2.90  1.24  0.69  0.60  0.36 
618  0.08  2.85  1.25  0.69  0.60  0.36 
619  0.07  2.86  1.24  0.69  0.61  0.36 
620  0.07  2.92  1.24  0.69  0.60  0.36 
621  0.07  2.87  1.25  0.69  0.61  0.36 
622  0.07  2.89  1.24  0.68  0.60  0.36 
623  0.07  2.88  1.24  0.68  0.60  0.36 
624  0.08  2.88  1.25  0.69  0.60  0.36 
625  0.07  2.88  1.24  0.68  0.60  0.36 
626  0.07  2.86  1.25  0.69  0.60  0.36 
627  0.07  2.91  1.25  0.68  0.60  0.36 
628  0.07  2.89  1.24  0.68  0.60  0.36 
629  0.07  2.82  1.25  0.68  0.60  0.36 
630  0.08  2.90  1.25  0.68  0.60  0.36 
631  0.07  2.88  1.25  0.68  0.60  0.36 
632  0.07  2.92  1.25  0.68  0.60  0.36 
633  0.07  2.90  1.25  0.69  0.61  0.36 
634  0.07  2.87  1.25  0.68  0.60  0.36 
635  0.07  2.84  1.25  0.68  0.60  0.36 
636  0.07  2.90  1.25  0.68  0.60  0.36 
637  0.07  2.92  1.25  0.68  0.60  0.36 
638  0.07  2.92  1.25  0.68  0.60  0.37 
639  0.07  2.87  1.25  0.68  0.60  0.36 
640  0.07  2.93  1.25  0.68  0.60  0.36 
641  0.07  2.93  1.25  0.68  0.60  0.36 
642  0.07  2.90  1.25  0.68  0.60  0.36 
643  0.07  2.87  1.25  0.68  0.60  0.35 
644  0.07  2.89  1.25  0.68  0.60  0.36 
645  0.07  2.88  1.25  0.68  0.60  0.36 
646  0.07  2.89  1.25  0.68  0.60  0.36 
647  0.07  2.88  1.26  0.68  0.60  0.36 
648  0.07  2.85  1.25  0.68  0.60  0.36 
649  0.07  2.83  1.25  0.68  0.60  0.36 
650  0.07  2.88  1.25  0.68  0.60  0.36 
651  0.07  2.89  1.26  0.68  0.60  0.36 
652  0.07  2.89  1.24  0.68  0.60  0.36 
653  0.07  2.89  1.25  0.68  0.60  0.36 
654  0.07  2.87  1.24  0.68  0.60  0.36 
655  0.07  2.90  1.24  0.68  0.60  0.36 
656  0.07  2.89  1.24  0.68  0.60  0.36 
657  0.07  2.91  1.24  0.68  0.60  0.36 
658  0.07  2.89  1.24  0.68  0.60  0.36 
659  0.07  2.89  1.24  0.68  0.60  0.36 
660  0.07  2.90  1.24  0.68  0.59  0.36 
661  0.07  2.87  1.24  0.68  0.61  0.36 
662  0.07  2.88  1.25  0.68  0.60  0.36 
663  0.07  2.91  1.24  0.68  0.60  0.36 
664  0.07  2.89  1.24  0.68  0.59  0.36 
665  0.07  2.91  1.24  0.68  0.60  0.36 
666  0.07  2.84  1.23  0.68  0.60  0.36 
667  0.07  2.91  1.24  0.68  0.60  0.36 
668  0.07  2.94  1.24  0.68  0.60  0.36 
669  0.07  2.90  1.24  0.68  0.60  0.36 
670  0.07  2.91  1.24  0.68  0.60  0.36 
671  0.07  2.89  1.24  0.68  0.60  0.36 
672  0.07  2.89  1.24  0.68  0.60  0.36 
673  0.07  2.88  1.23  0.68  0.60  0.36 
674  0.07  2.93  1.24  0.68  0.60  0.36 
675  0.07  2.91  1.24  0.68  0.60  0.36 
676  0.07  2.89  1.25  0.68  0.60  0.35 
677  0.07  2.91  1.25  0.68  0.60  0.35 
678  0.07  2.87  1.25  0.68  0.59  0.35 
679  0.07  2.92  1.25  0.68  0.60  0.35 
680  0.07  2.89  1.24  0.68  0.60  0.35 
681  0.07  2.87  1.25  0.68  0.59  0.36 
682  0.07  2.91  1.25  0.68  0.59  0.36 
683  0.07  2.94  1.25  0.68  0.60  0.36 
684  0.07  2.94  1.24  0.68  0.59  0.35 
685  0.07  2.95  1.25  0.68  0.59  0.36 
686  0.07  2.95  1.24  0.68  0.60  0.36 
687  0.07  2.94  1.25  0.68  0.60  0.36 
688  0.07  2.91  1.25  0.68  0.60  0.35 
689  0.07  2.92  1.25  0.68  0.60  0.35 
690  0.07  2.96  1.24  0.68  0.59  0.35 
691  0.07  2.98  1.24  0.68  0.60  0.35 
692  0.07  2.98  1.25  0.68  0.60  0.35 
693  0.07  2.99  1.25  0.68  0.60  0.36 
694  0.07  3.00  1.25  0.68  0.59  0.36 
695  0.07  2.96  1.25  0.68  0.60  0.36 
696  0.07  2.99  1.25  0.68  0.59  0.35 
697  0.07  3.00  1.24  0.68  0.59  0.36 
698  0.07  2.97  1.24  0.68  0.60  0.36 
699  0.07  2.99  1.25  0.68  0.59  0.36 
700  0.07  3.01  1.23  0.68  0.59  0.35 
701  0.07  2.99  1.24  0.67  0.59  0.35 
702  0.07  2.92  1.23  0.68  0.59  0.35 
703  0.07  2.92  1.23  0.68  0.60  0.35 
704  0.07  2.98  1.24  0.68  0.60  0.36 
705  0.08  2.89  1.24  0.68  0.60  0.35 
706  0.07  2.96  1.24  0.68  0.59  0.36 
707  0.07  2.95  1.24  0.68  0.59  0.35 
708  0.07  2.93  1.24  0.68  0.59  0.36 
709  0.07  2.94  1.23  0.68  0.59  0.36 
710  0.07  2.92  1.24  0.68  0.60  0.36 
711  0.07  2.95  1.23  0.68  0.60  0.36 
712  0.07  2.94  1.23  0.68  0.59  0.35 
713  0.07  2.95  1.24  0.68  0.59  0.35 
714  0.07  2.97  1.24  0.68  0.59  0.35 
715  0.07  2.95  1.24  0.68  0.60  0.35 
716  0.07  2.94  1.24  0.68  0.60  0.35 
717  0.07  2.95  1.24  0.68  0.60  0.35 
718  0.07  2.96  1.23  0.68  0.59  0.36 
719  0.07  2.98  1.24  0.68  0.59  0.36 
720  0.07  2.99  1.24  0.68  0.59  0.36 
721  0.07  2.99  1.24  0.68  0.60  0.36 
722  0.07  2.98  1.24  0.68  0.60  0.36 
723  0.07  2.94  1.23  0.68  0.60  0.35 
724  0.07  2.93  1.24  0.68  0.59  0.35 
725  0.07  2.98  1.24  0.68  0.59  0.35 
726  0.07  2.96  1.24  0.68  0.59  0.35 
727  0.07  2.99  1.24  0.68  0.60  0.35 
728  0.07  2.96  1.24  0.68  0.59  0.35 
729  0.07  3.01  1.24  0.68  0.59  0.35 
730  0.07  2.99  1.24  0.68  0.59  0.36 
731  0.07  2.97  1.24  0.68  0.59  0.35 
732  0.07  3.00  1.24  0.68  0.59  0.35 
733  0.07  3.00  1.24  0.68  0.59  0.35 
734  0.07  3.03  1.24  0.68  0.60  0.36 
735  0.07  2.96  1.24  0.68  0.60  0.36 
736  0.07  3.00  1.25  0.67  0.59  0.35 
737  0.07  3.01  1.24  0.67  0.59  0.35 
738  0.07  3.01  1.24  0.68  0.59  0.35 
739  0.06  3.07  1.24  0.67  0.59  0.35 
740  0.07  3.03  1.24  0.67  0.59  0.35 
741  0.07  3.05  1.24  0.68  0.59  0.35 
742  0.07  3.00  1.24  0.67  0.59  0.35 
743  0.07  3.08  1.24  0.68  0.59  0.35 
744  0.07  3.08  1.24  0.68  0.59  0.35 
745  0.07  3.06  1.24  0.68  0.60  0.35 
746  0.06  3.05  1.24  0.67  0.59  0.35 
747  0.07  3.06  1.24  0.67  0.59  0.36 
748  0.07  3.10  1.24  0.68  0.59  0.35 
749  0.07  3.01  1.24  0.68  0.59  0.35 
750  0.07  3.07  1.24  0.68  0.59  0.35 
751  0.07  3.08  1.24  0.68  0.59  0.35 
752  0.06  3.03  1.25  0.68  0.59  0.35 
753  0.07  3.09  1.24  0.68  0.59  0.35 
754  0.06  3.07  1.24  0.68  0.59  0.35 
755  0.07  3.08  1.24  0.68  0.59  0.35 
756  0.07  3.00  1.24  0.68  0.59  0.35 
757  0.07  3.05  1.24  0.68  0.60  0.35 
758  0.07  3.05  1.24  0.68  0.59  0.35 
759  0.07  3.07  1.24  0.68  0.59  0.35 
760  0.06  2.99  1.23  0.67  0.59  0.35 
761  0.06  3.03  1.24  0.67  0.59  0.35 
762  0.06  3.06  1.24  0.68  0.59  0.35 
763  0.06  3.05  1.24  0.68  0.59  0.35 
764  0.06  3.06  1.24  0.68  0.59  0.35 
765  0.06  3.04  1.24  0.68  0.59  0.35 
766  0.06  3.00  1.24  0.68  0.59  0.35 
767  0.07  3.05  1.24  0.67  0.59  0.35 
768  0.06  3.06  1.24  0.67  0.59  0.35 
769  0.06  3.01  1.24  0.67  0.60  0.35 
770  0.06  3.07  1.24  0.67  0.59  0.35 
771  0.07  3.01  1.24  0.67  0.59  0.35 
772  0.06  3.05  1.24  0.68  0.59  0.34 
773  0.06  3.03  1.24  0.68  0.59  0.35 
774  0.06  3.05  1.24  0.68  0.59  0.35 
775  0.07  3.04  1.24  0.68  0.59  0.35 
776  0.06  2.98  1.24  0.68  0.59  0.35 
777  0.06  3.03  1.23  0.68  0.59  0.35 
778  0.07  3.00  1.24  0.68  0.59  0.35 
779  0.07  3.04  1.24  0.68  0.59  0.35 
780  0.07  3.06  1.24  0.68  0.59  0.35 
781  0.06  3.01  1.24  0.68  0.59  0.36 
782  0.06  3.02  1.24  0.68  0.59  0.35 
783  0.06  3.04  1.24  0.68  0.59  0.35 
784  0.06  3.03  1.24  0.68  0.59  0.34 
785  0.06  3.03  1.24  0.68  0.59  0.35 
786  0.06  3.04  1.23  0.68  0.59  0.35 
787  0.06  3.04  1.24  0.68  0.59  0.35 
788  0.06  3.02  1.24  0.68  0.59  0.35 
789  0.06  3.06  1.24  0.68  0.59  0.35 
790  0.06  3.04  1.23  0.68  0.59  0.35 
791  0.06  3.01  1.24  0.68  0.59  0.35 
792  0.06  3.02  1.24  0.68  0.59  0.35 
793  0.06  3.09  1.24  0.68  0.59  0.35 
794  0.06  3.05  1.24  0.68  0.59  0.35 
795  0.06  3.05  1.24  0.68  0.59  0.35 
796  0.06  3.00  1.24  0.68  0.59  0.34 
797  0.06  3.00  1.24  0.68  0.59  0.35 
798  0.06  3.04  1.24  0.68  0.59  0.35 
799  0.06  3.05  1.24  0.68  0.59  0.35 
800  0.06  3.04  1.24  0.68  0.60  0.35 
801  0.06  3.07  1.24  0.68  0.59  0.35 
802  0.06  3.06  1.24  0.68  0.59  0.35 
803  0.06  3.03  1.24  0.68  0.58  0.35 
804  0.06  3.05  1.24  0.68  0.59  0.35 
805  0.06  3.06  1.24  0.68  0.59  0.35 
806  0.06  3.05  1.25  0.68  0.59  0.35 
807  0.06  3.05  1.24  0.68  0.59  0.35 
808  0.06  3.10  1.24  0.68  0.58  0.35 
809  0.06  3.06  1.24  0.68  0.59  0.35 
810  0.06  3.11  1.23  0.68  0.59  0.35 
811  0.06  3.07  1.24  0.68  0.59  0.35 
812  0.06  3.05  1.24  0.68  0.60  0.35 
813  0.06  3.06  1.24  0.68  0.59  0.35 
814  0.06  3.02  1.24  0.68  0.58  0.35 
815  0.06  3.07  1.24  0.68  0.59  0.35 
816  0.06  3.03  1.24  0.68  0.58  0.35 
817  0.06  3.05  1.24  0.68  0.60  0.35 
818  0.06  3.07  1.24  0.68  0.59  0.35 
819  0.06  3.07  1.24  0.68  0.59  0.35 
820  0.06  3.00  1.23  0.68  0.59  0.35 
821  0.06  3.07  1.24  0.68  0.59  0.34 
822  0.06  3.11  1.24  0.68  0.58  0.35 
823  0.06  3.08  1.24  0.68  0.59  0.35 
824  0.06  3.07  1.25  0.68  0.59  0.35 
825  0.06  3.02  1.24  0.67  0.59  0.35 
826  0.06  3.05  1.24  0.68  0.58  0.35 
827  0.06  3.01  1.24  0.68  0.59  0.35 
828  0.06  3.05  1.24  0.68  0.58  0.35 
829  0.06  3.11  1.24  0.68  0.59  0.35 
830  0.06  3.11  1.24  0.68  0.59  0.35 
831  0.06  3.09  1.24  0.68  0.59  0.35 
832  0.06  3.07  1.24  0.68  0.59  0.34 
833  0.06  3.08  1.24  0.68  0.59  0.35 
834  0.06  3.12  1.23  0.68  0.59  0.34 
835  0.06  3.11  1.24  0.68  0.59  0.34 
836  0.06  3.09  1.24  0.68  0.59  0.35 
837  0.06  3.08  1.23  0.67  0.59  0.34 
838  0.06  3.09  1.23  0.68  0.59  0.35 
839  0.06  3.09  1.24  0.68  0.59  0.35 
840  0.06  3.07  1.24  0.68  0.58  0.35 
841  0.06  3.13  1.24  0.68  0.59  0.35 
842  0.06  3.13  1.24  0.68  0.59  0.35 
843  0.06  3.07  1.23  0.67  0.59  0.35 
844  0.06  3.09  1.24  0.67  0.59  0.34 
845  0.06  3.09  1.24  0.67  0.59  0.34 
846  0.06  3.09  1.24  0.67  0.59  0.34 
847  0.06  3.14  1.23  0.67  0.59  0.34 
848  0.06  3.12  1.24  0.67  0.59  0.34 
849  0.06  3.11  1.23  0.67  0.59  0.34 
850  0.06  3.09  1.23  0.67  0.58  0.35 
851  0.06  3.14  1.24  0.68  0.58  0.35 
852  0.06  3.16  1.23  0.68  0.59  0.34 
853  0.06  3.10  1.23  0.68  0.59  0.34 
854  0.06  3.10  1.24  0.67  0.59  0.35 
855  0.06  3.14  1.24  0.67  0.59  0.35 
856  0.06  3.13  1.23  0.68  0.58  0.34 
857  0.06  3.09  1.24  0.67  0.59  0.34 
858  0.06  3.05  1.23  0.68  0.58  0.34 
859  0.06  3.09  1.23  0.68  0.59  0.34 
860  0.06  3.14  1.23  0.68  0.59  0.34 
861  0.06  3.11  1.24  0.68  0.59  0.34 
862  0.06  3.08  1.23  0.68  0.58  0.34 
863  0.06  3.10  1.24  0.67  0.58  0.35 
864  0.06  3.11  1.24  0.68  0.58  0.35 
865  0.06  3.07  1.23  0.67  0.58  0.35 
866  0.06  3.08  1.24  0.68  0.59  0.35 
867  0.06  3.13  1.23  0.68  0.59  0.35 
868  0.06  3.13  1.24  0.68  0.58  0.34 
869  0.06  3.16  1.24  0.68  0.58  0.34 
870  0.06  3.11  1.24  0.68  0.58  0.34 
871  0.06  3.10  1.23  0.67  0.59  0.34 
872  0.06  3.07  1.24  0.67  0.59  0.34 
873  0.06  3.03  1.23  0.67  0.58  0.34 
874  0.06  3.11  1.23  0.67  0.59  0.34 
875  0.06  3.07  1.23  0.68  0.58  0.35 
876  0.06  3.07  1.24  0.67  0.58  0.34 
877  0.06  3.10  1.23  0.68  0.59  0.35 
878  0.06  3.06  1.24  0.67  0.59  0.35 
879  0.06  3.10  1.24  0.68  0.58  0.35 
880  0.06  3.16  1.23  0.68  0.58  0.34 
881  0.06  3.14  1.23  0.68  0.58  0.34 
882  0.06  3.13  1.23  0.67  0.58  0.34 
883  0.06  3.09  1.23  0.67  0.58  0.34 
884  0.06  3.13  1.23  0.67  0.59  0.34 
885  0.06  3.08  1.23  0.68  0.58  0.34 
886  0.06  3.13  1.23  0.67  0.58  0.34 
887  0.06  3.08  1.23  0.67  0.58  0.34 
888  0.06  3.06  1.23  0.67  0.58  0.34 
889  0.06  3.12  1.24  0.67  0.59  0.35 
890  0.06  3.12  1.24  0.68  0.59  0.34 
891  0.06  3.12  1.23  0.67  0.58  0.34 
892  0.06  3.10  1.23  0.67  0.58  0.34 
893  0.06  3.12  1.23  0.68  0.58  0.34 
894  0.06  3.10  1.23  0.67  0.58  0.34 
895  0.06  3.12  1.24  0.67  0.59  0.34 
896  0.06  3.16  1.24  0.68  0.58  0.34 
897  0.06  3.15  1.23  0.67  0.58  0.34 
898  0.06  3.15  1.23  0.67  0.58  0.34 
899  0.06  3.11  1.23  0.67  0.58  0.34 
900  0.06  3.11  1.23  0.67  0.58  0.34 
901  0.06  3.11  1.23  0.68  0.59  0.35 
902  0.06  3.11  1.24  0.67  0.58  0.34 
903  0.06  3.10  1.23  0.67  0.58  0.34 
904  0.06  3.10  1.23  0.67  0.58  0.34 
905  0.06  3.12  1.23  0.67  0.58  0.34 
906  0.06  3.17  1.23  0.68  0.58  0.34 
907  0.06  3.18  1.23  0.67  0.59  0.34 
908  0.06  3.12  1.23  0.67  0.58  0.34 
909  0.06  3.16  1.23  0.67  0.58  0.34 
910  0.06  3.15  1.23  0.67  0.58  0.34 
911  0.06  3.08  1.23  0.67  0.58  0.34 
912  0.06  3.12  1.23  0.68  0.58  0.34 
913  0.06  3.15  1.23  0.67  0.58  0.34 
914  0.06  3.13  1.24  0.67  0.59  0.34 
915  0.06  3.18  1.23  0.67  0.58  0.34 
916  0.06  3.17  1.23  0.67  0.58  0.34 
917  0.06  3.11  1.23  0.67  0.58  0.34 
918  0.06  3.20  1.24  0.67  0.58  0.34 
919  0.06  3.20  1.23  0.67  0.59  0.34 
920  0.06  3.13  1.23  0.67  0.58  0.34 
921  0.06  3.15  1.23  0.67  0.58  0.34 
922  0.06  3.19  1.23  0.67  0.58  0.34 
923  0.06  3.21  1.24  0.67  0.58  0.34 
924  0.06  3.20  1.23  0.67  0.58  0.34 
925  0.06  3.21  1.23  0.67  0.58  0.34 
926  0.06  3.19  1.23  0.67  0.58  0.35 
927  0.06  3.13  1.23  0.67  0.58  0.35 
928  0.06  3.16  1.23  0.67  0.58  0.34 
929  0.06  3.19  1.23  0.68  0.58  0.34 
930  0.06  3.13  1.23  0.68  0.58  0.34 
931  0.06  3.11  1.23  0.68  0.58  0.34 
932  0.06  3.18  1.23  0.67  0.59  0.34 
933  0.06  3.08  1.23  0.67  0.59  0.34 
934  0.06  3.20  1.23  0.67  0.58  0.34 
935  0.06  3.16  1.23  0.67  0.58  0.34 
936  0.06  3.14  1.23  0.68  0.58  0.34 
937  0.06  3.17  1.23  0.67  0.58  0.34 
938  0.06  3.14  1.23  0.67  0.59  0.34 
939  0.06  3.12  1.23  0.67  0.58  0.34 
940  0.06  3.18  1.23  0.67  0.58  0.34 
941  0.06  3.13  1.23  0.67  0.58  0.34 
942  0.06  3.15  1.23  0.67  0.58  0.34 
943  0.06  3.17  1.23  0.67  0.58  0.34 
944  0.06  3.11  1.24  0.67  0.59  0.34 
945  0.06  3.15  1.23  0.67  0.58  0.34 
946  0.06  3.13  1.23  0.68  0.58  0.34 
947  0.06  3.11  1.23  0.67  0.58  0.34 
948  0.06  3.13  1.23  0.67  0.58  0.34 
949  0.06  3.16  1.23  0.67  0.59  0.34 
950  0.06  3.15  1.24  0.67  0.58  0.34 
951  0.06  3.16  1.23  0.67  0.58  0.34 
952  0.06  3.14  1.23  0.67  0.58  0.34 
953  0.06  3.15  1.23  0.67  0.58  0.34 
954  0.06  3.19  1.23  0.67  0.58  0.34 
955  0.06  3.20  1.23  0.67  0.58  0.34 
956  0.05  3.17  1.24  0.67  0.58  0.34 
957  0.05  3.14  1.23  0.67  0.58  0.34 
958  0.06  3.18  1.23  0.67  0.58  0.34 
959  0.06  3.17  1.24  0.67  0.58  0.34 
960  0.06  3.15  1.23  0.67  0.58  0.34 
961  0.06  3.20  1.23  0.67  0.58  0.34 
962  0.06  3.22  1.24  0.67  0.58  0.34 
963  0.05  3.19  1.23  0.67  0.58  0.34 
964  0.06  3.18  1.23  0.67  0.58  0.34 
965  0.05  3.20  1.23  0.67  0.58  0.34 
966  0.06  3.18  1.23  0.67  0.58  0.34 
967  0.06  3.16  1.23  0.67  0.58  0.34 
968  0.06  3.21  1.23  0.67  0.58  0.34 
969  0.06  3.23  1.23  0.67  0.58  0.34 
970  0.05  3.22  1.23  0.67  0.58  0.34 
971  0.05  3.20  1.23  0.67  0.58  0.34 
972  0.06  3.25  1.23  0.67  0.58  0.34 
973  0.06  3.18  1.23  0.67  0.58  0.34 
974  0.05  3.20  1.23  0.67  0.59  0.34 
975  0.06  3.23  1.23  0.67  0.58  0.34 
976  0.06  3.17  1.23  0.67  0.58  0.34 
977  0.06  3.22  1.23  0.67  0.58  0.34 
978  0.06  3.24  1.23  0.67  0.58  0.34 
979  0.06  3.26  1.23  0.67  0.59  0.34 
980  0.06  3.21  1.23  0.67  0.58  0.34 
981  0.06  3.21  1.23  0.67  0.58  0.34 
982  0.05  3.26  1.23  0.67  0.58  0.34 
983  0.05  3.27  1.23  0.67  0.58  0.34 
984  0.06  3.21  1.23  0.67  0.58  0.34 
985  0.06  3.22  1.23  0.67  0.58  0.34 
986  0.05  3.25  1.23  0.67  0.58  0.34 
987  0.05  3.28  1.23  0.67  0.58  0.34 
988  0.06  3.27  1.23  0.67  0.58  0.34 
989  0.06  3.24  1.23  0.67  0.58  0.34 
990  0.05  3.25  1.23  0.67  0.58  0.34 
991  0.05  3.26  1.23  0.67  0.58  0.34 
992  0.05  3.27  1.24  0.67  0.58  0.34 
993  0.05  3.28  1.23  0.67  0.58  0.34 
994  0.05  3.21  1.23  0.67  0.58  0.34 
995  0.05  3.23  1.23  0.67  0.58  0.34 
996  0.05  3.22  1.23  0.67  0.58  0.34 
997  0.05  3.25  1.23  0.67  0.58  0.34 
998  0.05  3.26  1.23  0.67  0.58  0.34 
999  0.05  3.27  1.23  0.67  0.58  0.34 
1000  0.05  3.29  1.23  0.67  0.58  0.34 
1001  0.05  3.35  1.23  0.67  0.58  0.34 
1002  0.06  3.25  1.23  0.67  0.58  0.33 
1003  0.05  3.26  1.23  0.67  0.58  0.34 
1004  0.05  3.27  1.24  0.67  0.58  0.34 
1005  0.06  3.24  1.23  0.67  0.58  0.34 
1006  0.06  3.30  1.23  0.67  0.58  0.34 
1007  0.06  3.27  1.23  0.67  0.58  0.34 
1008  0.05  3.24  1.23  0.67  0.58  0.34 
1009  0.06  3.27  1.23  0.67  0.58  0.34 
1010  0.05  3.21  1.24  0.67  0.58  0.34 
1011  0.05  3.24  1.23  0.67  0.58  0.34 
1012  0.06  3.25  1.23  0.67  0.58  0.34 
1013  0.05  3.31  1.23  0.67  0.58  0.34 
1014  0.05  3.28  1.23  0.67  0.58  0.34 
1015  0.06  3.30  1.23  0.67  0.58  0.34 
1016  0.05  3.24  1.23  0.67  0.58  0.34 
1017  0.05  3.28  1.23  0.67  0.58  0.34 
1018  0.05  3.21  1.23  0.67  0.58  0.34 
1019  0.05  3.28  1.23  0.67  0.58  0.34 
1020  0.05  3.30  1.23  0.67  0.58  0.34 
1021  0.05  3.31  1.23  0.67  0.58  0.34 
1022  0.05  3.33  1.23  0.67  0.58  0.34 
1023  0.05  3.30  1.23  0.67  0.58  0.34 
1024  0.05  3.28  1.23  0.67  0.58  0.33 
1025  0.05  3.28  1.23  0.67  0.58  0.34 
1026  0.05  3.31  1.23  0.67  0.58  0.33 
1027  0.05  3.29  1.23  0.67  0.58  0.34 
1028  0.05  3.29  1.23  0.67  0.58  0.34 
1029  0.05  3.26  1.23  0.67  0.58  0.34 
1030  0.05  3.28  1.23  0.67  0.58  0.34 
1031  0.05  3.29  1.23  0.67  0.58  0.34 
1032  0.05  3.27  1.23  0.67  0.58  0.34 
1033  0.05  3.26  1.23  0.67  0.58  0.34 
1034  0.05  3.29  1.24  0.67  0.58  0.34 
1035  0.05  3.28  1.23  0.67  0.58  0.34 
1036  0.05  3.30  1.23  0.67  0.58  0.34 
1037  0.05  3.30  1.23  0.67  0.58  0.33 
1038  0.05  3.28  1.23  0.67  0.58  0.33 
1039  0.05  3.29  1.23  0.67  0.58  0.34 
1040  0.05  3.31  1.23  0.67  0.58  0.34 
1041  0.05  3.36  1.22  0.67  0.57  0.34 
1042  0.05  3.35  1.23  0.67  0.57  0.34 
1043  0.05  3.29  1.23  0.67  0.58  0.34 
1044  0.05  3.35  1.23  0.67  0.58  0.34 
1045  0.05  3.32  1.23  0.67  0.58  0.34 
1046  0.05  3.31  1.23  0.67  0.58  0.34 
1047  0.05  3.36  1.23  0.67  0.58  0.34 
1048  0.05  3.38  1.22  0.67  0.57  0.34 
1049  0.05  3.35  1.23  0.67  0.58  0.34 
1050  0.05  3.34  1.23  0.67  0.58  0.33 
1051  0.05  3.38  1.23  0.67  0.58  0.34 
1052  0.05  3.37  1.24  0.67  0.58  0.33 
1053  0.05  3.33  1.23  0.67  0.58  0.34 
1054  0.05  3.37  1.23  0.67  0.58  0.34 
1055  0.05  3.35  1.23  0.67  0.58  0.34 
1056  0.05  3.36  1.23  0.67  0.58  0.34 
1057  0.05  3.41  1.23  0.67  0.57  0.34 
1058  0.05  3.35  1.23  0.67  0.58  0.34 
1059  0.05  3.36  1.23  0.67  0.58  0.34 
1060  0.05  3.36  1.23  0.67  0.58  0.33 
1061  0.05  3.35  1.23  0.67  0.58  0.34 
1062  0.05  3.37  1.23  0.67  0.58  0.33 
1063  0.05  3.37  1.23  0.67  0.58  0.33 
1064  0.05  3.37  1.23  0.67  0.58  0.34 
1065  0.05  3.41  1.23  0.67  0.58  0.34 
1066  0.05  3.34  1.23  0.67  0.58  0.34 
1067  0.05  3.38  1.23  0.67  0.58  0.33 
1068  0.05  3.37  1.23  0.67  0.58  0.34 
1069  0.05  3.39  1.22  0.67  0.57  0.34 
1070  0.05  3.33  1.23  0.67  0.57  0.34 
1071  0.05  3.40  1.23  0.67  0.58  0.34 
1072  0.05  3.37  1.22  0.66  0.58  0.33 
1073  0.05  3.35  1.23  0.67  0.58  0.33 
1074  0.05  3.35  1.23  0.67  0.58  0.33 
1075  0.05  3.40  1.23  0.67  0.58  0.34 
1076  0.05  3.43  1.23  0.67  0.58  0.33 
1077  0.05  3.38  1.22  0.67  0.58  0.33 
1078  0.05  3.41  1.22  0.67  0.57  0.33 
1079  0.05  3.41  1.23  0.67  0.58  0.34 
1080  0.05  3.32  1.23  0.67  0.57  0.34 
1081  0.05  3.43  1.23  0.67  0.57  0.34 
1082  0.05  3.45  1.23  0.67  0.58  0.33 
1083  0.05  3.47  1.23  0.67  0.58  0.34 
1084  0.05  3.43  1.23  0.67  0.58  0.33 
1085  0.05  3.50  1.23  0.67  0.57  0.33 
1086  0.05  3.43  1.23  0.67  0.57  0.33 
1087  0.05  3.45  1.23  0.67  0.58  0.33 
1088  0.05  3.40  1.23  0.67  0.57  0.33 
1089  0.05  3.46  1.23  0.67  0.58  0.33 
1090  0.05  3.46  1.23  0.67  0.57  0.34 
1091  0.05  3.40  1.23  0.67  0.58  0.34 
1092  0.05  3.37  1.23  0.67  0.57  0.33 
1093  0.05  3.41  1.23  0.67  0.58  0.33 
1094  0.05  3.45  1.23  0.67  0.58  0.34 
1095  0.05  3.43  1.23  0.67  0.58  0.33 
1096  0.05  3.42  1.22  0.67  0.57  0.33 
1097  0.05  3.44  1.23  0.67  0.57  0.33 
1098  0.05  3.38  1.23  0.67  0.58  0.33 
1099  0.05  3.43  1.23  0.67  0.58  0.33 
1100  0.05  3.47  1.23  0.67  0.58  0.34 
1101  0.05  3.43  1.23  0.67  0.57  0.34 
1102  0.05  3.46  1.22  0.67  0.57  0.34 
1103  0.05  3.48  1.23  0.67  0.57  0.33 
1104  0.05  3.45  1.23  0.67  0.58  0.34 
1105  0.05  3.51  1.23  0.67  0.58  0.34 
1106  0.05  3.49  1.23  0.67  0.58  0.34 
1107  0.05  3.49  1.23  0.67  0.58  0.33 
1108  0.05  3.36  1.22  0.67  0.57  0.33 
1109  0.05  3.40  1.23  0.66  0.57  0.33 
1110  0.05  3.45  1.23  0.66  0.57  0.33 
1111  0.05  3.46  1.22  0.67  0.58  0.34 
1112  0.05  3.44  1.23  0.67  0.58  0.33 
1113  0.05  3.42  1.23  0.67  0.57  0.34 
1114  0.05  3.43  1.22  0.67  0.57  0.33 
1115  0.06  3.45  1.23  0.67  0.58  0.34 
1116  0.05  3.44  1.23  0.67  0.58  0.33 
1117  0.05  3.43  1.23  0.67  0.58  0.34 
1118  0.05  3.45  1.23  0.67  0.58  0.34 
1119  0.05  3.44  1.23  0.67  0.58  0.34 
1120  0.05  3.49  1.23  0.67  0.58  0.33 
1121  0.05  3.42  1.23  0.67  0.58  0.33 
1122  0.05  3.48  1.23  0.67  0.57  0.33 
1123  0.05  3.48  1.23  0.67  0.58  0.33 
1124  0.05  3.49  1.23  0.67  0.58  0.33 
1125  0.05  3.49  1.23  0.67  0.58  0.33 
1126  0.05  3.44  1.22  0.67  0.57  0.33 
1127  0.05  3.46  1.23  0.67  0.58  0.33 
1128  0.05  3.41  1.23  0.67  0.58  0.33 
1129  0.05  3.50  1.23  0.67  0.58  0.34 
1130  0.05  3.41  1.23  0.67  0.58  0.34 
1131  0.05  3.48  1.22  0.67  0.58  0.33 
1132  0.05  3.42  1.23  0.67  0.57  0.33 
1133  0.05  3.46  1.23  0.67  0.57  0.33 
1134  0.05  3.47  1.23  0.67  0.57  0.33 
1135  0.05  3.47  1.23  0.67  0.58  0.33 
1136  0.05  3.46  1.23  0.67  0.58  0.33 
1137  0.05  3.47  1.23  0.67  0.58  0.33 
1138  0.05  3.44  1.23  0.67  0.57  0.33 
1139  0.05  3.48  1.23  0.67  0.57  0.33 
1140  0.05  3.47  1.22  0.67  0.57  0.33 
1141  0.05  3.48  1.23  0.67  0.57  0.33 
1142  0.05  3.51  1.23  0.67  0.58  0.33 
1143  0.05  3.44  1.23  0.67  0.57  0.34 
1144  0.05  3.51  1.23  0.66  0.57  0.33 
1145  0.05  3.50  1.23  0.67  0.57  0.33 
1146  0.05  3.47  1.23  0.67  0.57  0.33 
1147  0.05  3.50  1.22  0.67  0.57  0.33 
1148  0.05  3.51  1.23  0.67  0.58  0.33 
1149  0.05  3.52  1.23  0.67  0.58  0.33 
1150  0.05  3.57  1.23  0.66  0.57  0.33 
1151  0.05  3.44  1.23  0.67  0.57  0.33 
1152  0.05  3.47  1.23  0.67  0.57  0.33 
1153  0.05  3.51  1.22  0.66  0.58  0.33 
1154  0.05  3.48  1.23  0.67  0.57  0.33 
1155  0.05  3.52  1.23  0.67  0.58  0.33 
1156  0.05  3.53  1.23  0.67  0.57  0.33 
1157  0.05  3.50  1.23  0.67  0.57  0.33 
1158  0.05  3.56  1.23  0.67  0.57  0.33 
1159  0.05  3.55  1.23  0.67  0.57  0.33 
1160  0.05  3.53  1.23  0.67  0.57  0.33 
1161  0.05  3.54  1.23  0.67  0.57  0.33 
1162  0.05  3.55  1.23  0.67  0.57  0.33 
1163  0.05  3.50  1.23  0.67  0.58  0.33 
1164  0.05  3.51  1.23  0.67  0.57  0.33 
1165  0.05  3.52  1.22  0.67  0.58  0.33 
1166  0.05  3.53  1.23  0.67  0.57  0.33 
1167  0.05  3.54  1.22  0.67  0.58  0.33 
1168  0.05  3.58  1.22  0.66  0.57  0.33 
1169  0.05  3.47  1.23  0.67  0.57  0.33 
1170  0.05  3.56  1.22  0.67  0.57  0.33 
1171  0.05  3.52  1.22  0.66  0.57  0.33 
1172  0.05  3.54  1.23  0.67  0.58  0.33 
1173  0.05  3.54  1.22  0.67  0.57  0.33 
1174  0.05  3.53  1.23  0.67  0.57  0.33 
1175  0.05  3.48  1.22  0.66  0.57  0.33 
1176  0.05  3.55  1.23  0.67  0.57  0.33 
1177  0.05  3.56  1.23  0.67  0.57  0.33 
1178  0.05  3.58  1.23  0.67  0.57  0.33 
1179  0.05  3.55  1.22  0.67  0.58  0.33 
1180  0.05  3.58  1.22  0.67  0.57  0.33 
1181  0.05  3.59  1.23  0.67  0.57  0.33 
1182  0.05  3.56  1.23  0.67  0.57  0.33 
1183  0.05  3.53  1.23  0.67  0.57  0.33 
1184  0.05  3.54  1.23  0.67  0.57  0.33 
1185  0.05  3.54  1.23  0.67  0.57  0.33 
1186  0.05  3.55  1.23  0.67  0.57  0.33 
1187  0.05  3.56  1.23  0.67  0.57  0.33 
1188  0.05  3.60  1.23  0.67  0.57  0.33 
1189  0.05  3.57  1.22  0.67  0.57  0.33 
1190  0.05  3.57  1.23  0.67  0.57  0.33 
1191  0.05  3.58  1.23  0.67  0.58  0.33 
1192  0.05  3.59  1.22  0.67  0.57  0.33 
1193  0.05  3.53  1.23  0.67  0.57  0.33 
1194  0.05  3.53  1.22  0.67  0.57  0.33 
1195  0.05  3.56  1.22  0.67  0.57  0.33 
1196  0.05  3.53  1.23  0.67  0.58  0.33 
1197  0.05  3.59  1.23  0.67  0.57  0.33 
1198  0.05  3.59  1.22  0.67  0.57  0.33 
1199  0.05  3.59  1.23  0.66  0.57  0.33 
1200  0.05  3.56  1.23  0.67  0.57  0.33 
1201  0.05  3.55  1.22  0.67  0.57  0.33 
1202  0.05  3.59  1.23  0.67  0.57  0.33 
1203  0.05  3.58  1.22  0.67  0.57  0.33 
1204  0.05  3.62  1.22  0.67  0.57  0.33 
1205  0.05  3.62  1.22  0.67  0.57  0.33 
1206  0.05  3.62  1.23  0.67  0.57  0.33 
1207  0.05  3.60  1.23  0.67  0.57  0.33 
1208  0.05  3.61  1.23  0.67  0.57  0.33 
1209  0.05  3.66  1.23  0.67  0.57  0.33 
1210  0.05  3.69  1.22  0.66  0.57  0.33 
1211  0.05  3.63  1.23  0.66  0.57  0.33 
1212  0.05  3.64  1.23  0.67  0.57  0.33 
1213  0.05  3.62  1.22  0.67  0.57  0.33 
1214  0.05  3.63  1.23  0.66  0.57  0.34 
1215  0.05  3.64  1.23  0.67  0.57  0.33 
1216  0.05  3.62  1.23  0.67  0.57  0.33 
1217  0.05  3.69  1.23  0.67  0.57  0.33 
1218  0.05  3.61  1.23  0.67  0.57  0.33 
1219  0.05  3.71  1.22  0.67  0.57  0.33 
1220  0.05  3.63  1.23  0.66  0.57  0.33 
1221  0.05  3.69  1.23  0.67  0.57  0.33 
1222  0.05  3.68  1.22  0.67  0.57  0.33 
1223  0.05  3.66  1.23  0.66  0.57  0.33 
1224  0.05  3.65  1.23  0.67  0.57  0.33 
1225  0.05  3.69  1.22  0.67  0.57  0.33 
1226  0.05  3.66  1.23  0.67  0.58  0.33 
1227  0.05  3.64  1.23  0.67  0.57  0.33 
1228  0.05  3.68  1.22  0.67  0.57  0.33 
1229  0.05  3.69  1.23  0.66  0.57  0.33 
1230  0.05  3.69  1.23  0.67  0.57  0.33 
1231  0.05  3.64  1.22  0.66  0.57  0.33 
1232  0.05  3.70  1.22  0.67  0.57  0.33 
1233  0.05  3.65  1.22  0.67  0.57  0.33 
1234  0.05  3.65  1.22  0.67  0.57  0.33 
1235  0.05  3.66  1.23  0.66  0.57  0.33 
1236  0.05  3.67  1.22  0.66  0.57  0.33 
1237  0.05  3.67  1.22  0.67  0.57  0.33 
1238  0.05  3.63  1.22  0.66  0.57  0.33 
1239  0.05  3.65  1.22  0.67  0.57  0.33 
1240  0.05  3.66  1.22  0.66  0.57  0.33 
1241  0.05  3.64  1.23  0.67  0.57  0.33 
1242  0.05  3.69  1.23  0.67  0.57  0.33 
1243  0.05  3.68  1.22  0.67  0.57  0.33 
1244  0.05  3.69  1.22  0.66  0.57  0.33 
1245  0.05  3.67  1.23  0.66  0.58  0.33 
1246  0.05  3.70  1.22  0.67  0.57  0.33 
1247  0.05  3.71  1.23  0.67  0.57  0.33 
1248  0.05  3.69  1.22  0.67  0.57  0.33 
1249  0.05  3.70  1.23  0.66  0.57  0.33 
1250  0.05  3.70  1.23  0.66  0.57  0.33 
1251  0.05  3.70  1.22  0.66  0.57  0.33 
1252  0.05  3.70  1.23  0.67  0.57  0.33 
1253  0.05  3.66  1.22  0.66  0.57  0.33 
1254  0.05  3.67  1.23  0.66  0.57  0.33 
1255  0.05  3.71  1.22  0.67  0.57  0.33 
1256  0.05  3.71  1.23  0.66  0.57  0.33 
1257  0.05  3.66  1.23  0.66  0.57  0.33 
1258  0.05  3.68  1.22  0.67  0.57  0.33 
1259  0.05  3.70  1.22  0.67  0.57  0.33 
1260  0.05  3.62  1.23  0.66  0.57  0.33 
1261  0.05  3.66  1.22  0.66  0.57  0.33 
1262  0.05  3.69  1.23  0.66  0.57  0.33 
1263  0.05  3.71  1.23  0.66  0.57  0.33 
1264  0.05  3.66  1.22  0.66  0.57  0.33 
1265  0.05  3.69  1.22  0.66  0.57  0.33 
1266  0.05  3.75  1.22  0.66  0.57  0.33 
1267  0.05  3.67  1.22  0.66  0.57  0.33 
1268  0.05  3.68  1.22  0.66  0.58  0.33 
1269  0.05  3.68  1.22  0.67  0.57  0.33 
1270  0.05  3.67  1.22  0.66  0.57  0.33 
1271  0.05  3.70  1.23  0.67  0.57  0.33 
1272  0.05  3.65  1.22  0.66  0.57  0.33 
1273  0.05  3.65  1.22  0.67  0.57  0.33 
1274  0.05  3.75  1.22  0.66  0.58  0.33 
1275  0.05  3.68  1.22  0.66  0.58  0.33 
1276  0.05  3.70  1.23  0.66  0.57  0.33 
1277  0.05  3.72  1.23  0.66  0.57  0.33 
1278  0.05  3.76  1.22  0.66  0.57  0.33 
1279  0.05  3.67  1.22  0.66  0.57  0.33 
1280  0.05  3.72  1.23  0.66  0.57  0.33 
1281  0.05  3.69  1.22  0.66  0.57  0.33 
1282  0.05  3.72  1.22  0.66  0.57  0.33 
1283  0.05  3.70  1.22  0.66  0.57  0.33 
1284  0.05  3.69  1.22  0.66  0.57  0.33 
1285  0.05  3.70  1.22  0.66  0.58  0.33 
1286  0.05  3.72  1.23  0.66  0.57  0.33 
1287  0.05  3.75  1.22  0.66  0.57  0.33 
1288  0.05  3.71  1.22  0.66  0.57  0.33 
1289  0.05  3.74  1.22  0.66  0.57  0.33 
1290  0.05  3.76  1.22  0.66  0.57  0.33 
1291  0.05  3.72  1.22  0.66  0.57  0.33 
1292  0.05  3.78  1.22  0.66  0.57  0.33 
1293  0.05  3.78  1.22  0.66  0.57  0.33 
1294  0.05  3.75  1.22  0.66  0.57  0.33 
1295  0.05  3.77  1.23  0.66  0.57  0.33 
1296  0.05  3.80  1.22  0.66  0.57  0.33 
1297  0.05  3.79  1.22  0.66  0.57  0.33 
1298  0.05  3.74  1.22  0.66  0.57  0.33 
1299  0.05  3.78  1.22  0.67  0.57  0.33 
1300  0.05  3.83  1.22  0.66  0.57  0.33 
1301  0.05  3.77  1.22  0.66  0.57  0.33 
1302  0.05  3.70  1.22  0.66  0.57  0.33 
1303  0.05  3.80  1.22  0.66  0.57  0.33 
1304  0.05  3.80  1.22  0.66  0.57  0.33 
1305  0.05  3.74  1.22  0.66  0.57  0.33 
1306  0.05  3.73  1.22  0.66  0.57  0.33 
1307  0.05  3.75  1.22  0.66  0.57  0.33 
1308  0.05  3.74  1.22  0.66  0.57  0.33 
1309  0.05  3.79  1.22  0.66  0.57  0.33 
1310  0.05  3.81  1.22  0.66  0.57  0.33 
1311  0.05  3.78  1.22  0.66  0.57  0.33 
1312  0.05  3.82  1.22  0.66  0.57  0.32 
1313  0.05  3.80  1.22  0.66  0.57  0.33 
1314  0.05  3.80  1.22  0.66  0.57  0.33 
1315  0.05  3.84  1.22  0.66  0.57  0.33 
1316  0.05  3.85  1.22  0.66  0.57  0.33 
1317  0.05  3.80  1.22  0.66  0.57  0.33 
1318  0.05  3.74  1.22  0.66  0.57  0.33 
1319  0.05  3.82  1.22  0.66  0.57  0.33 
1320  0.05  3.75  1.22  0.66  0.57  0.33 
1321  0.05  3.81  1.22  0.66  0.57  0.33 
1322  0.05  3.79  1.22  0.66  0.57  0.33 
1323  0.05  3.78  1.22  0.66  0.57  0.33 
1324  0.05  3.87  1.22  0.66  0.57  0.33 
1325  0.05  3.79  1.23  0.66  0.57  0.33 
1326  0.05  3.80  1.22  0.66  0.57  0.33 
1327  0.05  3.81  1.22  0.66  0.57  0.33 
1328  0.05  3.82  1.23  0.66  0.57  0.33 
1329  0.05  3.86  1.22  0.66  0.57  0.33 
1330  0.05  3.88  1.23  0.66  0.57  0.33 
1331  0.05  3.89  1.22  0.66  0.57  0.33 
1332  0.05  3.87  1.22  0.66  0.57  0.33 
1333  0.05  3.90  1.22  0.66  0.57  0.33 
1334  0.04  3.89  1.22  0.66  0.57  0.33 
1335  0.05  3.86  1.22  0.66  0.57  0.33 
1336  0.05  3.87  1.22  0.66  0.57  0.33 
1337  0.05  3.87  1.23  0.66  0.57  0.33 
1338  0.05  3.83  1.22  0.66  0.57  0.33 
1339  0.05  3.83  1.22  0.66  0.57  0.33 
1340  0.05  3.85  1.22  0.66  0.57  0.33 
1341  0.05  3.86  1.22  0.66  0.57  0.33 
1342  0.05  3.85  1.22  0.66  0.57  0.33 
1343  0.05  3.84  1.22  0.66  0.57  0.33 
1344  0.05  3.79  1.22  0.66  0.57  0.33 
1345  0.05  3.83  1.22  0.66  0.57  0.33 
1346  0.05  3.83  1.23  0.66  0.57  0.33 
1347  0.05  3.86  1.22  0.66  0.57  0.33 
1348  0.05  3.86  1.22  0.66  0.57  0.33 
1349  0.05  3.88  1.23  0.66  0.57  0.33 
1350  0.05  3.79  1.22  0.66  0.57  0.32 
1351  0.05  3.82  1.22  0.66  0.57  0.33 
1352  0.05  3.84  1.22  0.66  0.57  0.33 
1353  0.05  3.84  1.22  0.66  0.57  0.33 
1354  0.04  3.89  1.22  0.66  0.57  0.33 
1355  0.05  3.88  1.22  0.66  0.57  0.33 
1356  0.05  3.89  1.22  0.66  0.57  0.33 
1357  0.05  3.88  1.22  0.66  0.57  0.33 
1358  0.05  3.95  1.22  0.66  0.57  0.33 
1359  0.05  3.93  1.22  0.66  0.57  0.33 
1360  0.05  3.95  1.22  0.66  0.57  0.33 
1361  0.05  3.88  1.22  0.66  0.57  0.33 
1362  0.05  3.91  1.22  0.66  0.57  0.33 
1363  0.05  3.92  1.22  0.66  0.57  0.33 
1364  0.05  3.91  1.22  0.66  0.57  0.33 
1365  0.05  3.85  1.22  0.66  0.57  0.33 
1366  0.05  3.94  1.22  0.66  0.57  0.33 
1367  0.05  3.91  1.22  0.66  0.57  0.33 
1368  0.05  3.86  1.22  0.66  0.57  0.33 
1369  0.05  3.93  1.22  0.66  0.57  0.33 
1370  0.05  4.00  1.22  0.66  0.58  0.33 
1371  0.05  3.96  1.22  0.66  0.57  0.33 
1372  0.04  3.92  1.22  0.66  0.57  0.33 
1373  0.05  3.86  1.23  0.66  0.57  0.33 
1374  0.05  3.93  1.22  0.66  0.57  0.33 
1375  0.05  3.94  1.22  0.66  0.57  0.33 
1376  0.05  3.97  1.22  0.66  0.57  0.33 
1377  0.05  3.92  1.22  0.66  0.57  0.33 
1378  0.05  3.91  1.22  0.66  0.57  0.33 
1379  0.05  3.86  1.22  0.66  0.57  0.33 
1380  0.05  3.96  1.22  0.66  0.57  0.33 
1381  0.04  3.97  1.22  0.66  0.57  0.33 
1382  0.05  3.89  1.22  0.66  0.57  0.33 
1383  0.05  3.91  1.22  0.66  0.57  0.33 
1384  0.04  3.90  1.22  0.66  0.57  0.33 
1385  0.04  3.90  1.22  0.66  0.57  0.33 
1386  0.04  3.90  1.22  0.66  0.57  0.33 
1387  0.05  3.93  1.22  0.66  0.57  0.33 
1388  0.05  3.95  1.22  0.66  0.57  0.33 
1389  0.05  3.99  1.22  0.66  0.57  0.33 
1390  0.05  3.91  1.22  0.66  0.57  0.33 
1391  0.05  3.98  1.22  0.66  0.57  0.33 
1392  0.05  3.92  1.22  0.66  0.57  0.33 
1393  0.05  3.89  1.22  0.66  0.57  0.33 
1394  0.04  3.87  1.23  0.66  0.57  0.33 
1395  0.05  3.92  1.22  0.66  0.57  0.33 
1396  0.05  3.88  1.22  0.66  0.57  0.33 
1397  0.05  3.91  1.23  0.66  0.57  0.33 
1398  0.05  3.94  1.22  0.66  0.57  0.33 
1399  0.04  3.97  1.22  0.66  0.57  0.33 
1400  0.05  3.95  1.23  0.66  0.57  0.33 
1401  0.04  3.94  1.22  0.66  0.57  0.33 
1402  0.05  3.94  1.22  0.66  0.57  0.33 
1403  0.05  3.95  1.22  0.66  0.57  0.33 
1404  0.04  3.96  1.22  0.66  0.57  0.33 
1405  0.04  4.06  1.22  0.66  0.57  0.33 
1406  0.04  3.96  1.22  0.66  0.57  0.33 
1407  0.05  3.97  1.22  0.66  0.57  0.33 
1408  0.04  3.91  1.22  0.66  0.57  0.33 
1409  0.05  3.98  1.22  0.66  0.57  0.33 
1410  0.05  4.04  1.22  0.66  0.56  0.33 
1411  0.05  4.07  1.22  0.66  0.57  0.33 
1412  0.05  4.06  1.22  0.66  0.57  0.33 
1413  0.05  4.02  1.22  0.66  0.57  0.33 
1414  0.05  4.01  1.22  0.66  0.57  0.33 
1415  0.05  4.04  1.22  0.66  0.57  0.33 
1416  0.05  4.00  1.22  0.66  0.57  0.33 
1417  0.05  4.00  1.22  0.66  0.57  0.33 
1418  0.04  4.03  1.23  0.66  0.57  0.33 
1419  0.04  3.99  1.22  0.66  0.57  0.33 
1420  0.04  3.97  1.22  0.66  0.57  0.32 
1421  0.05  4.02  1.21  0.66  0.57  0.33 
1422  0.04  4.03  1.22  0.66  0.57  0.32 
1423  0.05  3.97  1.22  0.66  0.57  0.33 
1424  0.05  4.02  1.22  0.66  0.57  0.33 
1425  0.05  3.96  1.22  0.66  0.57  0.32 
1426  0.05  4.01  1.22  0.66  0.57  0.33 
1427  0.05  4.02  1.22  0.66  0.57  0.33 
1428  0.04  3.98  1.22  0.66  0.57  0.33 
1429  0.05  4.03  1.22  0.66  0.57  0.33 
1430  0.04  4.04  1.22  0.66  0.57  0.33 
1431  0.05  4.01  1.22  0.66  0.57  0.33 
1432  0.04  4.00  1.22  0.66  0.56  0.33 
1433  0.05  4.01  1.22  0.66  0.57  0.32 
1434  0.05  3.96  1.22  0.66  0.56  0.32 
1435  0.05  3.98  1.22  0.66  0.57  0.33 
1436  0.04  3.97  1.22  0.66  0.57  0.33 
1437  0.05  4.01  1.22  0.66  0.57  0.33 
1438  0.05  4.05  1.22  0.66  0.57  0.33 
1439  0.05  3.98  1.22  0.66  0.57  0.33 
1440  0.05  4.03  1.22  0.66  0.57  0.33 
1441  0.04  4.04  1.22  0.66  0.57  0.33 
1442  0.05  4.05  1.22  0.66  0.57  0.33 
1443  0.05  4.00  1.22  0.66  0.57  0.33 
1444  0.05  4.04  1.22  0.66  0.57  0.33 
1445  0.05  4.07  1.22  0.66  0.57  0.33 
1446  0.05  4.07  1.22  0.66  0.57  0.33 
1447  0.05  4.04  1.22  0.66  0.57  0.33 
1448  0.04  4.03  1.22  0.66  0.57  0.33 
1449  0.05  4.00  1.22  0.66  0.57  0.33 
1450  0.05  4.02  1.22  0.66  0.57  0.33 
1451  0.04  4.02  1.22  0.66  0.57  0.33 
1452  0.05  4.07  1.22  0.66  0.57  0.33 
1453  0.05  4.05  1.22  0.66  0.57  0.33 
1454  0.04  4.03  1.22  0.66  0.57  0.33 
1455  0.05  4.04  1.22  0.66  0.57  0.33 
1456  0.05  4.07  1.22  0.66  0.57  0.33 
1457  0.05  4.08  1.22  0.66  0.57  0.32 
1458  0.04  4.02  1.22  0.66  0.57  0.32 
1459  0.05  4.00  1.22  0.66  0.57  0.32 
1460  0.05  4.01  1.22  0.66  0.57  0.33 
1461  0.05  4.05  1.24  0.67  0.58  0.33 
1462  0.05  4.07  1.22  0.66  0.57  0.33 
1463  0.05  4.06  1.22  0.66  0.57  0.33 
1464  0.04  4.02  1.22  0.66  0.57  0.33 
1465  0.04  4.09  1.22  0.66  0.57  0.33 
1466  0.05  4.03  1.22  0.66  0.57  0.33 
1467  0.04  4.08  1.22  0.66  0.57  0.33 
1468  0.05  4.12  1.22  0.66  0.57  0.33 
1469  0.04  4.10  1.23  0.66  0.57  0.32 
1470  0.04  4.05  1.22  0.66  0.56  0.32 
1471  0.05  4.07  1.22  0.66  0.57  0.33 
1472  0.04  4.07  1.22  0.66  0.57  0.33 
1473  0.04  4.07  1.22  0.66  0.57  0.33 
1474  0.04  4.07  1.22  0.66  0.56  0.33 
1475  0.04  4.03  1.22  0.66  0.57  0.33 
1476  0.05  4.06  1.22  0.66  0.56  0.33 
1477  0.05  4.09  1.22  0.66  0.57  0.33 
1478  0.04  4.06  1.22  0.66  0.57  0.33 
1479  0.05  4.07  1.22  0.66  0.57  0.33 
1480  0.05  4.07  1.22  0.66  0.57  0.33 
1481  0.04  4.11  1.22  0.66  0.57  0.32 
1482  0.05  4.06  1.22  0.66  0.57  0.32 
1483  0.05  4.14  1.22  0.66  0.57  0.33 
1484  0.05  4.10  1.22  0.66  0.57  0.32 
1485  0.05  4.14  1.22  0.66  0.57  0.33 
1486  0.04  4.12  1.22  0.66  0.57  0.33 
1487  0.04  4.10  1.22  0.66  0.57  0.33 
1488  0.04  4.10  1.22  0.66  0.57  0.33 
1489  0.04  4.12  1.21  0.66  0.57  0.33 
1490  0.05  4.11  1.22  0.66  0.57  0.33 
1491  0.04  4.11  1.22  0.66  0.57  0.33 
1492  0.04  4.11  1.22  0.66  0.57  0.33 
1493  0.05  4.14  1.22  0.66  0.57  0.33 
1494  0.05  4.04  1.22  0.66  0.56  0.33 
1495  0.04  4.08  1.22  0.66  0.57  0.33 
1496  0.04  4.09  1.22  0.66  0.57  0.33 
1497  0.05  4.11  1.22  0.66  0.57  0.32 
1498  0.04  4.12  1.22  0.66  0.57  0.33 
1499  0.04  4.08  1.22  0.66  0.57  0.32 
1500  0.05  4.11  1.21  0.66  0.56  0.32 
1501  0.05  4.12  1.22  0.66  0.57  0.33 
1502  0.04  4.06  1.22  0.66  0.57  0.33 
1503  0.04  4.06  1.22  0.66  0.57  0.33 
1504  0.04  4.12  1.22  0.66  0.57  0.33 
1505  0.04  4.07  1.22  0.66  0.56  0.32 
1506  0.04  4.15  1.22  0.66  0.57  0.33 
1507  0.05  4.16  1.22  0.66  0.57  0.33 
1508  0.05  4.12  1.22  0.66  0.57  0.33 
1509  0.05  4.10  1.22  0.66  0.57  0.33 
1510  0.04  4.10  1.22  0.66  0.56  0.33 
1511  0.04  4.10  1.22  0.66  0.57  0.33 
1512  0.05  4.06  1.22  0.66  0.57  0.33 
1513  0.05  4.12  1.22  0.66  0.57  0.33 
1514  0.05  4.16  1.22  0.66  0.57  0.33 
1515  0.05  4.15  1.22  0.66  0.57  0.33 
1516  0.04  4.09  1.22  0.66  0.56  0.33 
1517  0.04  4.12  1.22  0.66  0.57  0.33 
1518  0.05  4.07  1.22  0.66  0.57  0.32 
1519  0.05  4.15  1.22  0.66  0.57  0.32 
1520  0.04  4.15  1.22  0.66  0.57  0.33 
1521  0.05  4.19  1.22  0.66  0.57  0.33 
1522  0.04  4.10  1.21  0.66  0.57  0.33 
1523  0.05  4.13  1.22  0.66  0.57  0.32 
1524  0.05  4.16  1.22  0.66  0.56  0.32 
1525  0.04  4.18  1.22  0.66  0.57  0.33 
1526  0.05  4.09  1.22  0.66  0.57  0.33 
1527  0.05  4.11  1.22  0.66  0.57  0.33 
1528  0.05  4.10  1.22  0.66  0.56  0.32 
1529  0.04  4.10  1.22  0.66  0.57  0.32 
1530  0.04  4.11  1.22  0.66  0.56  0.32 
1531  0.04  4.13  1.22  0.66  0.57  0.32 
1532  0.04  4.12  1.22  0.66  0.57  0.32 
1533  0.04  4.18  1.22  0.66  0.57  0.33 
1534  0.04  4.15  1.21  0.66  0.56  0.33 
1535  0.04  4.12  1.22  0.66  0.57  0.33 
1536  0.04  4.16  1.22  0.66  0.56  0.33 
1537  0.04  4.17  1.22  0.66  0.57  0.33 
1538  0.04  4.14  1.22  0.66  0.57  0.33 
1539  0.04  4.14  1.22  0.66  0.57  0.33 
1540  0.05  4.18  1.22  0.66  0.57  0.32 
1541  0.05  4.17  1.22  0.66  0.56  0.32 
1542  0.04  4.19  1.22  0.66  0.56  0.32 
1543  0.04  4.21  1.22  0.66  0.57  0.32 
1544  0.05  4.18  1.22  0.66  0.57  0.32 
1545  0.04  4.22  1.22  0.66  0.57  0.33 
1546  0.04  4.15  1.22  0.66  0.57  0.33 
1547  0.04  4.21  1.22  0.66  0.57  0.32 
1548  0.04  4.22  1.22  0.66  0.56  0.33 
1549  0.04  4.18  1.22  0.66  0.57  0.33 
1550  0.04  4.16  1.22  0.66  0.57  0.33 
1551  0.04  4.13  1.22  0.66  0.57  0.33 
1552  0.05  4.13  1.22  0.66  0.56  0.32 
1553  0.04  4.18  1.22  0.66  0.57  0.32 
1554  0.04  4.19  1.22  0.66  0.57  0.33 
1555  0.05  4.21  1.22  0.66  0.57  0.32 
1556  0.04  4.18  1.22  0.66  0.57  0.33 
1557  0.04  4.20  1.22  0.66  0.57  0.32 
1558  0.04  4.19  1.22  0.66  0.56  0.32 
1559  0.05  4.14  1.22  0.66  0.56  0.33 
1560  0.05  4.17  1.22  0.66  0.57  0.32 
1561  0.04  4.15  1.22  0.66  0.57  0.32 
1562  0.04  4.16  1.22  0.66  0.56  0.33 
1563  0.04  4.20  1.22  0.66  0.56  0.33 
1564  0.05  4.19  1.22  0.66  0.56  0.32 
1565  0.04  4.15  1.22  0.66  0.56  0.32 
1566  0.04  4.16  1.22  0.66  0.57  0.32 
1567  0.04  4.23  1.22  0.66  0.56  0.32 
1568  0.04  4.20  1.22  0.66  0.57  0.32 
1569  0.04  4.20  1.22  0.66  0.57  0.33 
1570  0.04  4.21  1.22  0.66  0.56  0.32 
1571  0.05  4.18  1.22  0.66  0.56  0.32 
1572  0.04  4.20  1.22  0.66  0.56  0.33 
1573  0.04  4.22  1.22  0.66  0.57  0.33 
1574  0.05  4.17  1.22  0.66  0.57  0.33 
1575  0.04  4.21  1.22  0.66  0.56  0.32 
1576  0.04  4.20  1.22  0.66  0.56  0.32 
1577  0.05  4.22  1.22  0.66  0.57  0.32 
1578  0.05  4.16  1.22  0.66  0.56  0.32 
1579  0.05  4.24  1.22  0.66  0.57  0.32 
1580  0.05  4.22  1.22  0.66  0.57  0.32 
1581  0.04  4.20  1.22  0.66  0.56  0.32 
1582  0.04  4.20  1.22  0.66  0.56  0.33 
1583  0.04  4.24  1.21  0.66  0.56  0.33 
1584  0.04  4.19  1.22  0.66  0.56  0.32 
1585  0.04  4.20  1.22  0.66  0.56  0.33 
1586  0.04  4.21  1.22  0.66  0.57  0.33 
1587  0.04  4.20  1.22  0.66  0.56  0.33 
1588  0.04  4.21  1.21  0.66  0.56  0.32 
1589  0.04  4.22  1.22  0.66  0.57  0.32 
1590  0.04  4.22  1.22  0.66  0.57  0.32 
1591  0.04  4.21  1.22  0.66  0.57  0.32 
1592  0.04  4.26  1.22  0.66  0.56  0.32 
1593  0.04  4.19  1.22  0.66  0.56  0.32 
1594  0.05  4.26  1.22  0.66  0.56  0.33 
1595  0.04  4.22  1.22  0.66  0.56  0.32 
1596  0.04  4.21  1.22  0.66  0.56  0.33 
1597  0.05  4.19  1.21  0.66  0.57  0.32 
1598  0.04  4.24  1.22  0.66  0.57  0.33 
1599  0.04  4.21  1.22  0.66  0.57  0.33 
1600  0.04  4.25  1.21  0.66  0.56  0.32 
1601  0.04  4.23  1.22  0.66  0.56  0.32 
1602  0.05  4.22  1.22  0.66  0.56  0.32 
1603  0.04  4.22  1.22  0.66  0.57  0.32 
1604  0.04  4.17  1.22  0.66  0.57  0.32 
1605  0.04  4.18  1.22  0.66  0.57  0.32 
1606  0.04  4.23  1.22  0.66  0.56  0.32 
1607  0.04  4.25  1.22  0.66  0.56  0.33 
1608  0.04  4.26  1.22  0.66  0.56  0.33 
1609  0.04  4.19  1.21  0.66  0.56  0.32 
1610  0.04  4.30  1.21  0.66  0.56  0.33 
1611  0.04  4.27  1.22  0.66  0.56  0.32 
1612  0.04  4.27  1.21  0.66  0.56  0.32 
1613  0.04  4.33  1.22  0.66  0.56  0.32 
1614  0.04  4.22  1.22  0.66  0.56  0.32 
1615  0.04  4.25  1.22  0.66  0.57  0.32 
1616  0.04  4.30  1.22  0.66  0.57  0.32 
1617  0.04  4.24  1.22  0.66  0.57  0.32 
1618  0.04  4.25  1.22  0.66  0.56  0.32 
1619  0.04  4.33  1.21  0.66  0.56  0.32 
1620  0.04  4.26  1.22  0.66  0.56  0.32 
1621  0.04  4.24  1.22  0.66  0.57  0.32 
1622  0.04  4.24  1.22  0.66  0.57  0.33 
1623  0.04  4.26  1.22  0.66  0.57  0.32 
1624  0.04  4.23  1.21  0.66  0.56  0.32 
1625  0.04  4.27  1.22  0.66  0.57  0.32 
1626  0.04  4.34  1.22  0.66  0.56  0.32 
1627  0.04  4.30  1.22  0.66  0.56  0.32 
1628  0.04  4.34  1.21  0.66  0.56  0.32 
1629  0.04  4.30  1.22  0.66  0.56  0.32 
1630  0.04  4.35  1.21  0.66  0.56  0.32 
1631  0.04  4.36  1.22  0.66  0.56  0.32 
1632  0.04  4.30  1.22  0.66  0.56  0.32 
1633  0.04  4.28  1.21  0.66  0.56  0.32 
1634  0.04  4.32  1.22  0.66  0.57  0.33 
1635  0.04  4.34  1.21  0.66  0.57  0.32 
1636  0.04  4.31  1.21  0.66  0.56  0.32 
1637  0.04  4.38  1.22  0.66  0.56  0.32 
1638  0.04  4.32  1.22  0.66  0.56  0.32 
1639  0.04  4.38  1.21  0.66  0.56  0.32 
1640  0.04  4.32  1.22  0.66  0.56  0.32 
1641  0.04  4.31  1.22  0.66  0.57  0.32 
1642  0.04  4.33  1.22  0.66  0.56  0.32 
1643  0.04  4.29  1.22  0.66  0.56  0.32 
1644  0.04  4.25  1.22  0.66  0.56  0.32 
1645  0.04  4.33  1.22  0.66  0.57  0.33 
1646  0.04  4.27  1.21  0.66  0.56  0.32 
1647  0.04  4.32  1.22  0.66  0.57  0.33 
1648  0.04  4.30  1.22  0.66  0.56  0.32 
1649  0.04  4.31  1.21  0.66  0.56  0.32 
1650  0.04  4.36  1.22  0.66  0.56  0.32 
1651  0.04  4.33  1.21  0.66  0.56  0.32 
1652  0.04  4.35  1.22  0.66  0.57  0.32 
1653  0.04  4.35  1.22  0.66  0.57  0.32 
1654  0.04  4.32  1.21  0.66  0.56  0.32 
1655  0.04  4.35  1.21  0.66  0.56  0.32 
1656  0.04  4.31  1.21  0.66  0.56  0.32 
1657  0.04  4.33  1.21  0.66  0.57  0.32 
1658  0.04  4.24  1.22  0.66  0.57  0.32 
1659  0.04  4.31  1.22  0.66  0.56  0.33 
1660  0.04  4.35  1.22  0.66  0.56  0.32 
1661  0.04  4.40  1.22  0.66  0.56  0.32 
1662  0.04  4.40  1.22  0.66  0.56  0.32 
1663  0.04  4.39  1.22  0.66  0.57  0.32 
1664  0.04  4.32  1.22  0.66  0.56  0.32 
1665  0.04  4.34  1.21  0.66  0.56  0.32 
1666  0.04  4.32  1.22  0.66  0.56  0.32 
1667  0.04  4.38  1.22  0.66  0.57  0.32 
1668  0.04  4.35  1.22  0.66  0.56  0.32 
1669  0.04  4.39  1.21  0.66  0.56  0.32 
1670  0.04  4.37  1.22  0.66  0.57  0.32 
1671  0.04  4.40  1.22  0.66  0.57  0.32 
1672  0.04  4.40  1.22  0.66  0.56  0.32 
1673  0.04  4.34  1.22  0.66  0.56  0.32 
1674  0.04  4.35  1.22  0.66  0.56  0.32 
1675  0.04  4.36  1.22  0.66  0.56  0.32 
1676  0.04  4.35  1.21  0.66  0.56  0.32 
1677  0.04  4.33  1.22  0.66  0.56  0.32 
1678  0.04  4.33  1.22  0.66  0.56  0.32 
1679  0.04  4.35  1.22  0.66  0.56  0.32 
1680  0.04  4.32  1.22  0.66  0.56  0.32 
1681  0.04  4.37  1.21  0.66  0.57  0.32 
1682  0.04  4.38  1.22  0.66  0.56  0.32 
1683  0.04  4.34  1.22  0.66  0.57  0.32 
1684  0.04  4.38  1.22  0.66  0.56  0.32 
1685  0.04  4.36  1.22  0.66  0.56  0.32 
1686  0.04  4.32  1.21  0.66  0.56  0.32 
1687  0.04  4.41  1.22  0.66  0.56  0.32 
1688  0.04  4.37  1.22  0.66  0.56  0.32 
1689  0.04  4.39  1.22  0.66  0.57  0.32 
1690  0.04  4.44  1.22  0.66  0.56  0.32 
1691  0.04  4.45  1.22  0.66  0.56  0.32 
1692  0.04  4.38  1.22  0.66  0.56  0.32 
1693  0.04  4.41  1.21  0.65  0.56  0.32 
1694  0.04  4.36  1.22  0.66  0.56  0.32 
1695  0.04  4.40  1.21  0.66  0.56  0.33 
1696  0.04  4.38  1.21  0.66  0.56  0.32 
1697  0.04  4.41  1.21  0.66  0.56  0.32 
1698  0.04  4.40  1.21  0.66  0.56  0.32 
1699  0.04  4.43  1.21  0.66  0.57  0.32 
1700  0.04  4.42  1.21  0.66  0.57  0.32 
1701  0.04  4.38  1.22  0.66  0.56  0.32 
1702  0.04  4.39  1.22  0.66  0.56  0.32 
1703  0.04  4.46  1.22  0.66  0.56  0.32 
1704  0.04  4.40  1.22  0.66  0.56  0.32 
1705  0.04  4.41  1.21  0.66  0.56  0.32 
1706  0.04  4.38  1.22  0.66  0.56  0.32 
1707  0.04  4.37  1.21  0.66  0.56  0.32 
1708  0.04  4.45  1.21  0.66  0.56  0.32 
1709  0.04  4.43  1.22  0.66  0.56  0.32 
1710  0.04  4.41  1.21  0.66  0.56  0.32 
1711  0.04  4.43  1.22  0.66  0.56  0.32 
1712  0.04  4.35  1.22  0.66  0.56  0.32 
1713  0.04  4.44  1.22  0.66  0.57  0.32 
1714  0.04  4.39  1.21  0.66  0.56  0.32 
1715  0.04  4.39  1.22  0.66  0.56  0.32 
1716  0.04  4.43  1.22  0.66  0.56  0.32 
1717  0.04  4.43  1.21  0.66  0.56  0.32 
1718  0.04  4.48  1.22  0.66  0.56  0.32 
1719  0.04  4.44  1.21  0.66  0.57  0.32 
1720  0.04  4.42  1.21  0.66  0.56  0.32 
1721  0.04  4.42  1.21  0.65  0.56  0.32 
1722  0.04  4.44  1.22  0.66  0.56  0.32 
1723  0.04  4.43  1.21  0.66  0.56  0.32 
1724  0.04  4.40  1.22  0.66  0.57  0.32 
1725  0.04  4.42  1.21  0.66  0.56  0.32 
1726  0.04  4.44  1.22  0.66  0.56  0.32 
1727  0.04  4.50  1.22  0.66  0.56  0.32 
1728  0.04  4.52  1.21  0.66  0.56  0.32 
1729  0.04  4.37  1.21  0.66  0.56  0.32 
1730  0.04  4.47  1.22  0.66  0.56  0.32 
1731  0.04  4.52  1.22  0.66  0.56  0.32 
1732  0.04  4.49  1.21  0.66  0.56  0.32 
1733  0.04  4.49  1.22  0.66  0.56  0.32 
1734  0.04  4.48  1.22  0.66  0.56  0.32 
1735  0.04  4.46  1.21  0.66  0.56  0.32 
1736  0.04  4.45  1.22  0.66  0.57  0.32 
1737  0.04  4.47  1.22  0.66  0.56  0.32 
1738  0.04  4.50  1.21  0.66  0.56  0.32 
1739  0.04  4.47  1.22  0.66  0.56  0.32 
1740  0.04  4.53  1.21  0.66  0.56  0.32 
1741  0.04  4.49  1.22  0.66  0.56  0.32 
1742  0.04  4.52  1.22  0.66  0.57  0.33 
1743  0.04  4.46  1.22  0.66  0.57  0.32 
1744  0.04  4.47  1.21  0.66  0.56  0.32 
1745  0.04  4.51  1.22  0.66  0.56  0.32 
1746  0.04  4.43  1.21  0.66  0.56  0.32 
1747  0.04  4.44  1.22  0.66  0.57  0.32 
1748  0.04  4.45  1.22  0.66  0.57  0.32 
1749  0.04  4.45  1.21  0.66  0.56  0.32 
1750  0.04  4.47  1.21  0.66  0.56  0.32 
1751  0.04  4.46  1.21  0.66  0.56  0.32 
1752  0.04  4.39  1.22  0.66  0.56  0.32 
1753  0.04  4.49  1.21  0.66  0.56  0.32 
1754  0.04  4.49  1.22  0.66  0.56  0.32 
1755  0.04  4.52  1.21  0.66  0.56  0.32 
1756  0.04  4.51  1.21  0.66  0.56  0.32 
1757  0.04  4.46  1.22  0.66  0.56  0.32 
1758  0.04  4.77  1.28  0.73  0.62  0.36 
1759  0.05  4.47  1.21  0.66  0.56  0.32 
1760  0.04  4.47  1.22  0.66  0.56  0.32 
1761  0.04  4.49  1.22  0.66  0.56  0.32 
1762  0.04  4.46  1.21  0.66  0.56  0.32 
1763  0.04  4.51  1.22  0.66  0.56  0.32 
1764  0.04  4.51  1.22  0.66  0.56  0.32 
1765  0.04  4.46  1.21  0.66  0.56  0.32 
1766  0.04  4.51  1.22  0.66  0.56  0.32 
1767  0.04  4.43  1.22  0.66  0.56  0.32 
1768  0.04  4.42  1.21  0.66  0.56  0.32 
1769  0.04  4.44  1.21  0.66  0.56  0.32 
1770  0.04  4.51  1.21  0.66  0.56  0.32 
1771  0.04  4.50  1.22  0.66  0.56  0.32 
1772  0.04  4.50  1.22  0.66  0.56  0.32 
1773  0.04  4.53  1.21  0.66  0.56  0.32 
1774  0.04  4.49  1.21  0.66  0.56  0.32 
1775  0.04  4.53  1.22  0.66  0.56  0.32 
1776  0.04  4.52  1.21  0.66  0.56  0.32 
1777  0.04  4.50  1.21  0.66  0.56  0.32 
1778  0.04  4.55  1.21  0.66  0.56  0.32 
1779  0.04  4.51  1.21  0.66  0.56  0.32 
1780  0.04  4.51  1.22  0.65  0.56  0.32 
1781  0.04  4.46  1.22  0.66  0.56  0.32 
1782  0.04  4.52  1.21  0.66  0.56  0.32 
1783  0.04  4.52  1.21  0.66  0.56  0.32 
1784  0.04  4.54  1.22  0.66  0.56  0.32 
1785  0.04  4.55  1.21  0.66  0.56  0.32 
1786  0.04  4.52  1.22  0.66  0.56  0.32 
1787  0.04  4.54  1.21  0.66  0.56  0.32 
1788  0.04  4.55  1.22  0.66  0.56  0.32 
1789  0.04  4.48  1.22  0.66  0.56  0.32 
1790  0.04  4.52  1.22  0.66  0.56  0.32 
1791  0.04  4.54  1.21  0.66  0.56  0.32 
1792  0.04  4.53  1.21  0.66  0.56  0.32 
1793  0.04  4.55  1.21  0.66  0.56  0.32 
1794  0.04  4.44  1.22  0.66  0.56  0.32 
1795  0.04  4.49  1.21  0.66  0.56  0.32 
1796  0.04  4.51  1.22  0.66  0.56  0.32 
1797  0.04  4.55  1.21  0.66  0.57  0.32 
1798  0.04  4.48  1.21  0.66  0.56  0.32 
1799  0.04  4.49  1.22  0.66  0.56  0.32 
1800  0.04  4.54  1.22  0.66  0.56  0.32 
1801  0.04  4.52  1.21  0.66  0.56  0.32 
1802  0.04  4.52  1.22  0.66  0.57  0.32 
1803  0.04  4.51  1.21  0.66  0.56  0.32 
1804  0.04  4.56  1.21  0.66  0.56  0.32 
1805  0.04  4.52  1.22  0.66  0.56  0.32 
1806  0.04  4.53  1.21  0.66  0.56  0.32 
1807  0.04  4.50  1.21  0.66  0.56  0.32 
1808  0.04  4.52  1.22  0.66  0.57  0.32 
1809  0.04  4.58  1.21  0.66  0.56  0.32 
1810  0.04  4.53  1.21  0.66  0.56  0.32 
1811  0.04  4.55  1.22  0.66  0.56  0.32 
1812  0.04  4.55  1.21  0.66  0.56  0.32 
1813  0.04  4.59  1.21  0.66  0.56  0.32 
1814  0.04  4.63  1.21  0.66  0.56  0.32 
1815  0.04  4.57  1.21  0.66  0.56  0.32 
1816  0.04  4.57  1.21  0.66  0.56  0.32 
1817  0.04  4.56  1.21  0.66  0.56  0.32 
1818  0.04  4.57  1.21  0.66  0.56  0.32 
1819  0.04  4.57  1.21  0.66  0.56  0.32 
1820  0.04  4.53  1.22  0.66  0.56  0.32 
1821  0.04  4.54  1.21  0.66  0.56  0.32 
1822  0.04  4.53  1.21  0.65  0.56  0.32 
1823  0.04  4.52  1.21  0.65  0.56  0.32 
1824  0.04  4.54  1.22  0.66  0.56  0.32 
1825  0.04  4.52  1.21  0.66  0.56  0.32 
1826  0.04  4.55  1.21  0.66  0.56  0.32 
1827  0.04  4.55  1.21  0.66  0.56  0.32 
1828  0.04  4.56  1.21  0.66  0.56  0.32 
1829  0.04  4.53  1.21  0.66  0.56  0.32 
1830  0.04  4.58  1.21  0.66  0.56  0.32 
1831  0.04  4.55  1.21  0.66  0.56  0.32 
1832  0.04  4.57  1.21  0.66  0.56  0.32 
1833  0.04  4.61  1.21  0.66  0.57  0.32 
1834  0.04  4.60  1.21  0.66  0.56  0.32 
1835  0.04  4.55  1.21  0.66  0.56  0.32 
1836  0.04  4.54  1.21  0.66  0.56  0.32 
1837  0.04  4.60  1.21  0.66  0.56  0.32 
1838  0.04  4.64  1.22  0.66  0.56  0.32 
1839  0.04  4.56  1.22  0.65  0.56  0.32 
1840  0.04  4.61  1.21  0.66  0.56  0.32 
1841  0.04  4.55  1.21  0.66  0.56  0.32 
1842  0.04  4.56  1.21  0.66  0.56  0.32 
1843  0.04  4.59  1.22  0.65  0.56  0.32 
1844  0.04  4.62  1.21  0.65  0.57  0.32 
1845  0.04  4.59  1.21  0.66  0.56  0.32 
1846  0.04  4.61  1.21  0.65  0.56  0.32 
1847  0.05  4.57  1.21  0.66  0.56  0.32 
1848  0.04  4.59  1.22  0.66  0.56  0.32 
1849  0.04  4.57  1.21  0.66  0.56  0.32 
1850  0.04  4.59  1.21  0.66  0.56  0.32 
1851  0.04  4.60  1.21  0.66  0.56  0.32 
1852  0.04  4.60  1.21  0.66  0.56  0.32 
1853  0.04  4.65  1.22  0.66  0.56  0.32 
1854  0.04  4.52  1.21  0.65  0.56  0.32 
1855  0.04  4.58  1.21  0.66  0.57  0.32 
1856  0.04  4.63  1.22  0.66  0.56  0.32 
1857  0.04  4.63  1.21  0.66  0.56  0.32 
1858  0.04  4.59  1.21  0.66  0.56  0.32 
1859  0.04  4.61  1.21  0.66  0.56  0.32 
1860  0.04  4.58  1.21  0.66  0.56  0.32 
1861  0.04  4.59  1.21  0.66  0.56  0.32 
1862  0.04  4.50  1.21  0.66  0.56  0.32 
1863  0.04  4.56  1.21  0.66  0.56  0.32 
1864  0.04  4.55  1.21  0.66  0.56  0.32 
1865  0.04  4.58  1.21  0.65  0.56  0.32 
1866  0.04  4.52  1.21  0.66  0.56  0.32 
1867  0.04  4.63  1.21  0.66  0.56  0.32 
1868  0.04  4.62  1.21  0.66  0.56  0.32 
1869  0.04  4.62  1.21  0.65  0.56  0.32 
1870  0.04  4.62  1.21  0.66  0.56  0.32 
1871  0.04  4.65  1.22  0.66  0.56  0.32 
1872  0.04  4.57  1.21  0.66  0.56  0.32 
1873  0.04  4.62  1.21  0.66  0.56  0.32 
1874  0.04  4.61  1.21  0.66  0.56  0.32 
1875  0.04  4.58  1.21  0.66  0.56  0.32 
1876  0.04  4.59  1.21  0.65  0.56  0.32 
1877  0.04  4.59  1.22  0.65  0.56  0.32 
1878  0.04  4.58  1.21  0.65  0.56  0.32 
1879  0.04  4.56  1.21  0.65  0.56  0.32 
1880  0.04  4.58  1.21  0.66  0.56  0.32 
1881  0.04  4.61  1.21  0.65  0.56  0.32 
1882  0.04  4.62  1.21  0.66  0.56  0.32 
1883  0.04  4.59  1.22  0.66  0.56  0.32 
1884  0.04  4.64  1.21  0.66  0.56  0.32 
1885  0.04  4.62  1.22  0.66  0.56  0.32 
1886  0.04  4.62  1.21  0.66  0.56  0.32 
1887  0.04  4.65  1.21  0.66  0.56  0.32 
1888  0.04  4.62  1.35  0.73  0.59  0.34 
1889  0.04  4.66  1.22  0.66  0.56  0.32 
1890  0.04  4.60  1.22  0.66  0.56  0.32 
1891  0.04  4.64  1.21  0.65  0.56  0.32 
1892  0.04  4.65  1.21  0.66  0.56  0.32 
1893  0.04  4.65  1.21  0.66  0.56  0.32 
1894  0.04  4.66  1.21  0.66  0.56  0.32 
1895  0.04  4.64  1.21  0.66  0.56  0.32 
1896  0.04  4.64  1.21  0.66  0.56  0.32 
1897  0.04  4.61  1.21  0.66  0.56  0.32 
1898  0.04  4.65  1.21  0.66  0.56  0.32 
1899  0.04  4.65  1.21  0.66  0.56  0.32 
1900  0.04  4.61  1.21  0.66  0.56  0.32 
1901  0.04  4.64  1.22  0.66  0.56  0.32 
1902  0.04  4.61  1.21  0.66  0.56  0.32 
1903  0.04  4.63  1.21  0.66  0.56  0.32 
1904  0.04  4.63  1.22  0.66  0.56  0.32 
1905  0.04  4.70  1.21  0.66  0.56  0.32 
1906  0.04  4.63  1.21  0.65  0.56  0.32 
1907  0.04  4.63  1.21  0.66  0.56  0.32 
1908  0.04  4.61  1.21  0.66  0.56  0.32 
1909  0.04  4.60  1.21  0.66  0.56  0.32 
1910  0.04  4.60  1.22  0.66  0.56  0.32 
1911  0.04  4.60  1.22  0.66  0.56  0.32 
1912  0.04  4.60  1.21  0.66  0.56  0.32 
1913  0.04  4.58  1.21  0.66  0.56  0.32 
1914  0.04  4.66  1.21  0.66  0.56  0.32 
1915  0.04  4.60  1.21  0.66  0.56  0.32 
1916  0.04  4.71  1.21  0.65  0.56  0.32 
1917  0.04  4.62  1.21  0.66  0.56  0.32 
1918  0.04  4.68  1.21  0.65  0.56  0.32 
1919  0.04  4.66  1.22  0.66  0.56  0.32 
1920  0.04  4.66  1.21  0.66  0.56  0.32 
1921  0.04  4.67  1.21  0.65  0.56  0.32 
1922  0.04  4.65  1.21  0.66  0.56  0.32 
1923  0.04  4.71  1.21  0.65  0.56  0.32 
1924  0.04  4.70  1.21  0.66  0.56  0.32 
1925  0.04  4.70  1.21  0.66  0.56  0.32 
1926  0.04  4.66  1.21  0.65  0.56  0.32 
1927  0.04  4.65  1.21  0.66  0.56  0.32 
1928  0.04  4.65  1.22  0.65  0.56  0.32 
1929  0.04  4.65  1.21  0.66  0.56  0.32 
1930  0.04  4.67  1.21  0.66  0.56  0.32 
1931  0.04  4.68  1.21  0.65  0.56  0.32 
1932  0.04  4.65  1.21  0.65  0.56  0.32 
1933  0.04  4.65  1.21  0.66  0.56  0.32 
1934  0.04  4.63  1.21  0.66  0.56  0.32 
1935  0.04  4.71  1.21  0.66  0.56  0.32 
1936  0.04  4.68  1.21  0.66  0.56  0.32 
1937  0.04  4.70  1.21  0.66  0.56  0.32 
1938  0.04  4.66  1.21  0.66  0.56  0.32 
1939  0.04  4.70  1.21  0.66  0.56  0.32 
1940  0.04  4.68  1.21  0.66  0.56  0.32 
1941  0.04  4.68  1.21  0.66  0.56  0.32 
1942  0.04  4.67  1.21  0.66  0.56  0.32 
1943  0.04  4.70  1.21  0.66  0.56  0.32 
1944  0.04  4.64  1.21  0.66  0.56  0.32 
1945  0.04  4.63  1.21  0.66  0.56  0.32 
1946  0.04  4.67  1.21  0.65  0.56  0.32 
1947  0.04  4.72  1.21  0.66  0.56  0.32 
1948  0.04  4.67  1.21  0.66  0.56  0.32 
1949  0.04  4.74  1.21  0.66  0.56  0.32 
1950  0.04  4.72  1.21  0.66  0.56  0.32 
1951  0.04  4.70  1.21  0.66  0.56  0.32 
1952  0.04  4.74  1.22  0.66  0.56  0.32 
1953  0.04  4.67  1.21  0.66  0.56  0.32 
1954  0.04  4.72  1.21  0.65  0.56  0.32 
1955  0.04  4.67  1.21  0.66  0.56  0.32 
1956  0.04  4.66  1.31  0.67  0.57  0.33 
1957  0.04  4.65  1.21  0.65  0.56  0.32 
1958  0.04  4.70  1.21  0.66  0.56  0.32 
1959  0.04  4.64  1.21  0.66  0.56  0.32 
1960  0.04  4.67  1.21  0.65  0.56  0.32 
1961  0.04  4.65  1.21  0.65  0.56  0.32 
1962  0.04  4.64  1.21  0.66  0.56  0.32 
1963  0.04  4.66  1.21  0.66  0.56  0.32 
1964  0.04  4.65  1.21  0.65  0.56  0.32 
1965  0.04  4.60  1.21  0.66  0.56  0.32 
1966  0.04  4.67  1.21  0.66  0.56  0.32 
1967  0.04  4.68  1.21  0.66  0.56  0.32 
1968  0.04  4.70  1.21  0.66  0.56  0.32 
1969  0.04  4.66  1.21  0.66  0.56  0.32 
1970  0.04  4.64  1.21  0.65  0.56  0.32 
1971  0.04  4.65  1.21  0.66  0.56  0.32 
1972  0.04  4.69  1.21  0.66  0.56  0.32 
1973  0.04  4.65  1.21  0.65  0.56  0.32 
1974  0.04  4.71  1.21  0.66  0.56  0.32 
1975  0.04  4.67  1.21  0.65  0.56  0.32 
1976  0.04  4.69  1.21  0.65  0.56  0.32 
1977  0.04  4.67  1.21  0.66  0.56  0.32 
1978  0.04  4.69  1.21  0.66  0.56  0.32 
1979  0.04  4.68  1.21  0.65  0.56  0.32 
1980  0.04  4.67  1.21  0.65  0.56  0.32 
1981  0.04  4.68  1.21  0.66  0.56  0.32 
1982  0.04  4.67  1.21  0.66  0.56  0.32 
1983  0.04  4.69  1.21  0.65  0.56  0.32 
1984  0.05  4.67  1.21  0.65  0.56  0.32 
1985  0.04  4.72  1.21  0.66  0.56  0.32 
1986  0.04  4.70  1.22  0.66  0.56  0.32 
1987  0.04  4.72  1.21  0.65  0.56  0.32 
1988  0.04  4.64  1.21  0.65  0.56  0.32 
1989  0.04  4.69  1.21  0.66  0.56  0.32 
1990  0.04  4.71  1.21  0.65  0.56  0.32 
1991  0.04  4.68  1.21  0.66  0.56  0.32 
1992  0.04  4.71  1.21  0.65  0.56  0.32 
1993  0.04  4.72  1.21  0.66  0.56  0.32 
1994  0.04  4.73  1.21  0.66  0.56  0.32 
1995  0.04  4.73  1.21  0.66  0.56  0.32 
1996  0.04  4.67  1.21  0.65  0.56  0.32 
1997  0.04  4.71  1.21  0.66  0.56  0.32 
1998  0.04  4.70  1.21  0.66  0.56  0.32 
1999  0.04  4.72  1.21  0.66  0.56  0.32 
2000  0.04  4.74  1.21  0.66  0.56  0.32 
2001  0.04  4.72  1.21  0.65  0.56  0.32 
2002  0.04  4.75  1.21  0.65  0.56  0.32 
2003  0.04  4.75  1.21  0.66  0.56  0.32 
2004  0.04  4.72  1.21  0.66  0.56  0.32 
2005  0.04  4.78  1.21  0.66  0.56  0.32 
2006  0.04  4.77  1.21  0.66  0.56  0.32 
2007  0.04  4.71  1.21  0.65  0.56  0.32 
2008  0.04  4.77  1.21  0.66  0.56  0.32 
2009  0.04  4.79  1.21  0.65  0.56  0.32 
2010  0.04  4.68  1.21  0.65  0.56  0.32 
2011  0.04  4.69  1.21  0.66  0.56  0.32 
2012  0.04  4.74  1.21  0.65  0.56  0.32 
2013  0.04  4.72  1.21  0.66  0.56  0.32 
2014  0.04  4.79  1.21  0.66  0.56  0.32 
2015  0.04  4.75  1.21  0.66  0.56  0.32 
2016  0.04  4.72  1.21  0.66  0.56  0.32 
2017  0.04  4.72  1.21  0.66  0.56  0.32 
2018  0.04  4.73  1.21  0.66  0.56  0.32 
2019  0.04  4.75  1.21  0.65  0.56  0.32 
2020  0.04  4.73  1.21  0.66  0.56  0.32 
2021  0.04  4.78  1.21  0.65  0.56  0.32 
2022  0.04  4.79  1.21  0.65  0.56  0.32 
2023  0.04  4.77  1.21  0.65  0.56  0.32 
2024  0.04  4.79  1.22  0.65  0.56  0.32 
2025  0.04  4.76  1.21  0.65  0.56  0.32 
2026  0.04  4.77  1.21  0.65  0.56  0.32 
2027  0.04  4.72  1.21  0.65  0.56  0.32 
2028  0.04  4.75  1.21  0.65  0.56  0.32 
2029  0.04  4.72  1.21  0.65  0.56  0.32 
2030  0.04  4.72  1.21  0.66  0.56  0.32 
2031  0.04  4.75  1.21  0.66  0.56  0.32 
2032  0.04  4.74  1.21  0.65  0.56  0.32 
2033  0.04  4.79  1.21  0.66  0.56  0.32 
2034  0.04  4.73  1.21  0.65  0.56  0.32 
2035  0.04  4.74  1.21  0.65  0.56  0.32 
2036  0.04  4.74  1.21  0.66  0.56  0.32 
2037  0.04  4.74  1.21  0.65  0.56  0.32 
2038  0.04  4.72  1.21  0.65  0.55  0.32 
2039  0.04  4.74  1.21  0.65  0.56  0.32 
2040  0.04  4.75  1.21  0.66  0.56  0.32 
2041  0.04  4.76  1.21  0.65  0.56  0.32 
2042  0.04  4.77  1.21  0.65  0.56  0.32 
2043  0.04  4.79  1.21  0.66  0.56  0.32 
2044  0.04  4.80  1.21  0.65  0.56  0.32 
2045  0.04  4.78  1.21  0.66  0.56  0.32 
2046  0.04  4.75  1.21  0.66  0.56  0.32 
2047  0.04  4.73  1.21  0.65  0.56  0.32 
2048  0.04  4.79  1.21  0.65  0.56  0.32 
