#displaying nanoseconds per input bytes for memcpy and linux, quicktime, chromium, scalar, altivec encoders, first column is number of bytes
8  5.50  5.62  5.50  5.25  5.50  5.62 
9  5.11  5.00  5.00  4.67  5.00  4.78 
10  4.60  4.50  4.50  4.30  4.50  4.50 
11  4.09  4.27  4.27  4.00  4.27  4.09 
12  3.75  3.75  3.83  3.67  4.00  3.75 
13  3.54  3.69  3.69  3.46  3.77  3.54 
14  3.21  3.50  3.36  3.36  3.36  3.43 
15  3.07  3.73  3.27  3.07  3.07  3.13 
16  2.81  3.25  3.12  2.94  3.06  2.81 
17  2.65  3.06  3.00  2.88  3.06  2.71 
18  2.50  3.28  2.89  2.72  2.83  2.61 
19  2.42  2.79  2.84  2.58  2.74  2.47 
20  2.20  2.75  2.75  2.50  2.45  2.40 
21  2.14  2.71  2.95  2.29  2.38  2.33 
22  2.00  2.59  2.73  2.27  2.36  2.27 
23  2.00  2.52  2.43  2.35  2.22  2.22 
24  1.88  2.50  2.42  2.25  2.21  2.08 
25  1.84  2.40  2.44  2.12  2.16  2.08 
26  1.73  2.31  2.31  1.96  2.04  2.04 
27  1.67  2.52  2.26  1.96  1.93  1.93 
28  1.61  2.21  2.21  1.93  1.96  1.75 
29  1.55  2.21  2.17  1.90  1.90  1.69 
30  1.50  2.40  2.17  1.80  1.97  1.63 
31  1.48  2.06  2.06  1.74  1.84  1.71 
32  1.41  2.12  2.00  1.81  1.69  1.59 
33  1.36  2.18  2.18  1.76  1.70  1.52 
34  1.35  2.00  2.12  1.88  1.65  1.53 
35  1.29  2.00  2.06  1.83  1.63  1.49 
36  1.25  1.94  1.92  1.61  1.61  1.50 
37  1.22  1.95  1.84  1.68  1.68  1.49 
38  1.29  1.97  1.89  1.63  1.53  1.45 
39  1.15  2.00  1.95  1.64  1.54  1.44 
40  1.15  1.85  1.95  1.62  1.55  1.33 
41  1.10  1.98  1.80  1.56  1.51  1.27 
42  1.07  1.90  1.81  1.57  1.48  1.26 
43  1.05  1.91  1.77  1.53  1.49  1.26 
44  1.02  1.73  1.73  1.50  1.41  1.25 
45  1.02  1.87  1.73  1.51  1.40  1.22 
46  0.98  1.87  1.70  1.48  1.39  1.17 
47  0.96  1.83  1.70  1.45  1.40  1.23 
48  0.94  1.69  1.67  1.44  1.38  1.23 
49  0.94  1.78  1.65  1.43  1.39  1.18 
50  0.88  1.64  1.60  1.40  1.32  1.20 
51  0.90  1.78  1.63  1.35  1.29  1.18 
52  0.87  1.77  1.62  1.38  1.23  1.06 
53  0.85  1.74  1.58  1.34  1.25  1.06 
54  0.83  1.59  1.59  1.33  1.26  1.06 
55  0.82  1.56  1.56  1.31  1.27  1.05 
56  0.84  1.55  1.57  1.29  1.18  1.04 
57  0.79  1.54  1.65  1.26  1.19  1.05 
58  0.78  1.60  1.55  1.31  1.17  1.03 
59  0.76  1.53  1.54  1.25  1.19  1.02 
60  0.78  1.53  1.58  1.23  1.17  1.00 
61  0.75  1.52  1.52  1.25  1.18  1.05 
62  0.71  1.47  1.50  1.26  1.13  1.03 
63  0.73  1.49  1.57  1.24  1.14  1.02 
64  0.73  1.50  1.58  1.25  1.11  0.94 
65  0.71  1.49  1.52  1.23  1.14  0.92 
66  0.68  1.50  1.56  1.20  1.12  0.91 
67  0.67  1.48  1.54  1.19  1.10  0.90 
68  0.66  1.46  1.51  1.18  1.06  0.90 
69  0.68  1.55  1.52  1.19  1.04  0.88 
70  0.67  1.41  1.56  1.16  1.07  0.89 
71  0.66  1.42  1.48  1.18  1.07  0.90 
72  0.65  1.51  1.49  1.17  1.08  0.88 
73  0.63  1.40  1.52  1.15  1.07  0.88 
74  0.62  1.42  1.47  1.15  1.03  0.89 
75  0.60  1.40  1.48  1.20  1.03  0.88 
76  0.59  1.46  1.46  1.12  1.04  0.83 
77  0.58  1.38  1.44  1.14  1.01  0.81 
78  0.58  1.45  1.45  1.19  1.03  0.79 
79  0.54  1.46  1.46  1.18  1.04  0.81 
80  0.57  1.38  1.41  1.19  1.01  0.80 
81  0.57  1.42  1.40  1.17  0.99  0.81 
82  0.54  1.43  1.43  1.11  0.98  0.78 
83  0.54  1.34  1.39  1.17  1.05  0.78 
84  0.54  1.42  1.42  1.20  0.98  0.79 
85  0.54  1.36  1.40  1.18  0.96  0.80 
86  0.55  1.36  1.41  1.20  0.93  0.79 
87  0.51  1.34  1.41  1.24  0.92  0.80 
88  0.53  1.36  1.42  1.12  0.95  0.75 
89  0.52  1.31  1.38  1.13  0.94  0.74 
90  0.51  1.30  1.39  1.23  0.94  0.73 
91  0.49  1.38  1.38  1.12  0.95  0.73 
92  0.51  1.32  1.37  1.12  0.89  0.74 
93  0.51  1.38  1.37  1.26  0.88  0.73 
94  0.49  1.39  1.35  1.12  0.91  0.70 
95  0.48  1.32  1.35  1.11  0.91  0.72 
96  0.47  1.38  1.34  1.07  0.94  0.71 
97  0.47  1.38  1.35  1.09  0.90  0.70 
98  0.47  1.30  1.34  1.08  0.89  0.73 
99  0.45  1.28  1.33  1.07  0.89  0.71 
100  0.45  1.30  1.32  1.07  0.89  0.68 
101  0.47  1.28  1.32  1.06  0.89  0.67 
102  0.43  1.26  1.33  1.05  0.89  0.69 
103  0.45  1.26  1.32  1.04  0.90  0.68 
104  0.44  1.27  1.30  1.12  0.89  0.67 
105  0.44  1.32  1.30  1.21  0.87  0.65 
106  0.43  1.25  1.30  1.03  0.87  0.66 
107  0.44  1.31  1.30  1.04  0.86  0.67 
108  0.43  1.29  1.30  1.05  0.87  0.67 
109  0.43  1.31  1.31  1.05  0.85  0.66 
110  0.42  1.29  1.27  1.08  0.86  0.67 
111  0.42  1.29  1.30  1.16  0.84  0.67 
112  0.41  1.29  1.30  1.02  0.83  0.62 
113  0.42  1.28  1.27  1.01  0.84  0.64 
114  0.41  1.30  1.28  1.03  0.85  0.61 
115  0.40  1.29  1.30  1.00  0.86  0.64 
116  0.41  1.28  1.26  1.01  0.83  0.62 
117  0.39  1.28  1.26  0.98  0.83  0.63 
118  0.39  1.29  1.25  0.99  0.82  0.63 
119  0.39  1.28  1.26  0.98  0.82  0.64 
120  0.39  1.28  1.27  0.99  0.83  0.63 
121  0.39  1.29  1.26  0.98  0.83  0.64 
122  0.38  1.28  1.26  0.99  0.80  0.62 
123  0.37  1.27  1.25  0.98  0.80  0.62 
124  0.38  1.27  1.26  0.98  0.81  0.58 
125  0.37  1.26  1.23  0.98  0.81  0.59 
126  0.37  1.24  1.25  0.98  0.80  0.59 
127  0.36  1.26  1.24  0.97  0.81  0.60 
128  0.37  1.25  1.23  0.98  0.77  0.58 
129  0.36  1.21  1.24  0.95  0.78  0.59 
130  0.35  1.25  1.23  0.98  0.78  0.58 
131  0.35  1.25  1.24  0.97  0.78  0.60 
132  0.35  1.23  1.24  0.96  0.80  0.59 
133  0.35  1.25  1.23  0.97  0.78  0.59 
134  0.34  1.22  1.22  0.96  0.80  0.60 
135  0.35  1.23  1.23  0.96  0.79  0.59 
136  0.34  1.24  1.24  0.95  0.79  0.56 
137  0.34  1.23  1.21  0.96  0.78  0.55 
138  0.34  1.22  1.22  0.95  0.79  0.55 
139  0.34  1.22  1.21  0.95  0.78  0.56 
140  0.33  1.21  1.21  0.96  0.78  0.56 
141  0.33  1.21  1.21  0.94  0.79  0.57 
142  0.33  1.23  1.20  0.93  0.78  0.56 
143  0.32  1.22  1.20  0.94  0.78  0.56 
144  0.33  1.22  1.20  0.93  0.76  0.56 
145  0.32  1.22  1.19  0.93  0.77  0.58 
146  0.32  1.20  1.19  0.94  0.75  0.58 
147  0.32  1.18  1.20  0.93  0.75  0.57 
148  0.31  1.20  1.21  0.93  0.76  0.54 
149  0.32  1.20  1.19  0.92  0.74  0.52 
150  0.30  1.17  1.19  0.91  0.75  0.53 
151  0.31  1.20  1.17  0.93  0.75  0.54 
152  0.31  1.19  1.18  0.92  0.72  0.54 
153  0.30  1.18  1.18  0.92  0.73  0.54 
154  0.31  1.20  1.18  0.91  0.75  0.53 
155  0.30  1.19  1.17  0.92  0.74  0.54 
156  0.28  1.19  1.19  0.90  0.74  0.55 
157  0.30  1.20  1.19  0.90  0.75  0.54 
158  0.30  1.19  1.16  0.90  0.74  0.54 
159  0.30  1.19  1.17  0.90  0.74  0.55 
160  0.29  1.19  1.17  0.91  0.76  0.51 
161  0.29  1.19  1.16  0.90  0.75  0.52 
162  0.29  1.18  1.18  0.90  0.75  0.51 
163  0.28  1.17  1.16  0.89  0.77  0.52 
164  0.29  1.17  1.16  0.89  0.73  0.51 
165  0.29  1.18  1.17  0.89  0.77  0.51 
166  0.28  1.17  1.17  0.88  0.77  0.52 
167  0.29  1.17  1.15  0.90  0.77  0.51 
168  0.27  1.18  1.16  0.88  0.76  0.51 
169  0.28  1.17  1.15  0.89  0.75  0.51 
170  0.28  1.16  1.15  0.88  0.74  0.53 
171  0.27  1.16  1.15  0.88  0.74  0.51 
172  0.27  1.17  1.16  0.88  0.75  0.50 
173  0.28  1.16  1.15  0.89  0.75  0.50 
174  0.28  1.16  1.14  0.89  0.74  0.49 
175  0.27  1.16  1.15  0.89  0.75  0.50 
176  0.27  1.15  1.14  0.89  0.71  0.50 
177  0.26  1.16  1.15  0.88  0.73  0.50 
178  0.26  1.15  1.15  0.88  0.72  0.49 
179  0.27  1.15  1.13  0.87  0.73  0.50 
180  0.26  1.16  1.14  0.88  0.74  0.49 
181  0.25  1.14  1.15  0.87  0.73  0.50 
182  0.26  1.15  1.14  0.88  0.73  0.51 
183  0.26  1.15  1.13  0.87  0.72  0.51 
184  0.25  1.14  1.14  0.87  0.72  0.48 
185  0.26  1.14  1.14  0.88  0.72  0.48 
186  0.25  1.13  1.13  0.87  0.71  0.47 
187  0.25  1.14  1.14  0.88  0.72  0.48 
188  0.25  1.15  1.13  0.86  0.71  0.48 
189  0.25  1.13  1.14  0.86  0.71  0.49 
190  0.25  1.15  1.14  0.86  0.71  0.48 
191  0.25  1.15  1.12  0.86  0.71  0.49 
192  0.25  1.14  1.14  0.86  0.72  0.48 
193  0.24  1.14  1.13  0.86  0.72  0.49 
194  0.24  1.13  1.12  0.86  0.70  0.48 
195  0.25  1.14  1.13  0.86  0.70  0.49 
196  0.24  1.13  1.13  0.85  0.69  0.47 
197  0.24  1.13  1.12  0.86  0.69  0.47 
198  0.24  1.13  1.12  0.86  0.71  0.47 
199  0.24  1.13  1.12  0.85  0.72  0.47 
200  0.23  1.13  1.12  0.84  0.69  0.47 
201  0.24  1.13  1.11  0.85  0.69  0.47 
202  0.24  1.12  1.12  0.85  0.71  0.47 
203  0.24  1.13  1.12  0.85  0.71  0.48 
204  0.23  1.12  1.12  0.84  0.69  0.48 
205  0.23  1.12  1.12  0.85  0.70  0.48 
206  0.23  1.13  1.12  0.85  0.68  0.47 
207  0.23  1.12  1.11  0.85  0.68  0.48 
208  0.23  1.12  1.12  0.85  0.69  0.46 
209  0.23  1.11  1.11  0.85  0.70  0.45 
210  0.23  1.12  1.11  0.84  0.70  0.45 
211  0.23  1.11  1.11  0.83  0.70  0.45 
212  0.22  1.11  1.11  0.84  0.67  0.46 
213  0.23  1.11  1.10  0.84  0.68  0.45 
214  0.22  1.12  1.12  0.84  0.68  0.45 
215  0.22  1.11  1.10  0.84  0.68  0.45 
216  0.22  1.11  1.10  0.83  0.69  0.45 
217  0.22  1.12  1.09  0.83  0.67  0.46 
218  0.22  1.10  1.10  0.84  0.68  0.46 
219  0.22  1.11  1.10  0.83  0.68  0.46 
220  0.22  1.10  1.10  0.84  0.68  0.43 
221  0.22  1.10  1.11  0.83  0.68  0.44 
222  0.22  1.12  1.09  0.82  0.68  0.44 
223  0.22  1.11  1.10  0.83  0.67  0.44 
224  0.21  1.11  1.09  0.83  0.66  0.44 
225  0.21  1.10  1.10  0.83  0.66  0.44 
226  0.22  1.10  1.10  0.83  0.67  0.45 
227  0.22  1.10  1.09  0.82  0.68  0.44 
228  0.21  1.11  1.10  0.82  0.68  0.44 
229  0.21  1.10  1.10  0.83  0.68  0.45 
230  0.21  1.10  1.10  0.84  0.67  0.45 
231  0.22  1.10  1.10  0.83  0.68  0.44 
232  0.21  1.09  1.09  0.82  0.67  0.43 
233  0.21  1.09  1.09  0.83  0.68  0.42 
234  0.21  1.10  1.09  0.82  0.68  0.41 
235  0.20  1.09  1.09  0.82  0.68  0.43 
236  0.21  1.09  1.08  0.83  0.67  0.43 
237  0.20  1.09  1.09  0.82  0.67  0.43 
238  0.20  1.09  1.08  0.83  0.66  0.44 
239  0.20  1.09  1.08  0.82  0.67  0.44 
240  0.20  1.09  1.08  0.82  0.68  0.44 
241  0.20  1.09  1.08  0.82  0.66  0.44 
242  0.20  1.09  1.08  0.82  0.66  0.43 
243  0.19  1.09  1.08  0.81  0.67  0.44 
244  0.20  1.09  1.09  0.82  0.66  0.42 
245  0.20  1.09  1.08  0.81  0.65  0.42 
246  0.20  1.09  1.08  0.81  0.66  0.42 
247  0.20  1.09  1.08  0.81  0.66  0.43 
248  0.19  1.08  1.08  0.81  0.65  0.42 
249  0.20  1.10  1.08  0.81  0.65  0.42 
250  0.20  1.08  1.08  0.80  0.66  0.42 
251  0.19  1.07  1.06  0.81  0.65  0.43 
252  0.19  1.08  1.08  0.81  0.65  0.43 
253  0.19  1.08  1.08  0.81  0.66  0.43 
254  0.19  1.07  1.07  0.80  0.64  0.43 
255  0.19  1.08  1.07  0.80  0.64  0.43 
256  0.19  1.07  1.08  0.80  0.64  0.41 
257  0.19  1.08  1.06  0.81  0.65  0.41 
258  0.19  1.08  1.07  0.81  0.64  0.41 
259  0.19  1.07  1.08  0.81  0.65  0.41 
260  0.18  1.08  1.07  0.80  0.64  0.41 
261  0.19  1.08  1.08  0.80  0.64  0.41 
262  0.19  1.08  1.07  0.80  0.65  0.42 
263  0.18  1.08  1.07  0.81  0.64  0.42 
264  0.19  1.08  1.07  0.80  0.65  0.41 
265  0.18  1.08  1.08  0.80  0.64  0.42 
266  0.18  1.07  1.06  0.80  0.64  0.42 
267  0.18  1.07  1.07  0.80  0.64  0.42 
268  0.19  1.08  1.06  0.80  0.63  0.42 
269  0.18  1.07  1.07  0.80  0.65  0.42 
270  0.18  1.07  1.07  0.80  0.64  0.40 
271  0.18  1.07  1.07  0.80  0.65  0.41 
272  0.18  1.06  1.07  0.79  0.63  0.40 
273  0.18  1.07  1.07  0.80  0.63  0.41 
274  0.18  1.07  1.07  0.80  0.63  0.41 
275  0.17  1.07  1.06  0.80  0.64  0.41 
276  0.17  1.07  1.06  0.80  0.64  0.41 
277  0.17  1.06  1.06  0.80  0.64  0.41 
278  0.18  1.05  1.05  0.80  0.62  0.41 
279  0.17  1.06  1.06  0.80  0.63  0.41 
280  0.17  1.06  1.05  0.79  0.62  0.40 
281  0.18  1.07  1.06  0.79  0.64  0.40 
282  0.17  1.06  1.05  0.79  0.63  0.39 
283  0.17  1.06  1.06  0.79  0.64  0.40 
284  0.16  1.05  1.05  0.79  0.63  0.40 
285  0.18  1.05  1.07  0.79  0.61  0.40 
286  0.17  1.06  1.06  0.79  0.63  0.40 
287  0.17  1.07  1.06  0.79  0.63  0.41 
288  0.17  1.06  1.06  0.78  0.63  0.41 
289  0.17  1.06  1.06  0.78  0.64  0.40 
290  0.17  1.06  1.06  0.79  0.63  0.40 
291  0.16  1.07  1.05  0.79  0.62  0.41 
292  0.17  1.05  1.05  0.78  0.62  0.39 
293  0.17  1.05  1.05  0.79  0.62  0.39 
294  0.17  1.07  1.05  0.78  0.63  0.39 
295  0.17  1.06  1.06  0.79  0.64  0.39 
296  0.16  1.05  1.05  0.78  0.62  0.40 
297  0.17  1.06  1.06  0.78  0.62  0.40 
298  0.17  1.06  1.05  0.78  0.62  0.40 
299  0.16  1.06  1.04  0.78  0.63  0.40 
300  0.16  1.05  1.05  0.78  0.62  0.40 
301  0.16  1.05  1.05  0.78  0.62  0.40 
302  0.16  1.05  1.05  0.78  0.61  0.41 
303  0.17  1.05  1.05  0.78  0.62  0.40 
304  0.16  1.05  1.05  0.78  0.62  0.40 
305  0.16  1.06  1.04  0.78  0.61  0.40 
306  0.16  1.05  1.05  0.78  0.62  0.38 
307  0.16  1.06  1.06  0.78  0.62  0.39 
308  0.16  1.05  1.05  0.78  0.62  0.37 
309  0.16  1.05  1.05  0.77  0.61  0.39 
310  0.15  1.05  1.05  0.78  0.62  0.39 
311  0.15  1.05  1.04  0.77  0.62  0.39 
312  0.16  1.04  1.04  0.77  0.62  0.39 
313  0.16  1.05  1.05  0.77  0.62  0.40 
314  0.15  1.05  1.04  0.77  0.61  0.40 
315  0.16  1.05  1.05  0.77  0.61  0.39 
316  0.16  1.04  1.04  0.77  0.62  0.40 
317  0.15  1.05  1.04  0.78  0.62  0.39 
318  0.15  1.04  1.04  0.77  0.62  0.39 
319  0.16  1.05  1.04  0.77  0.62  0.39 
320  0.16  1.04  1.04  0.77  0.60  0.39 
321  0.15  1.04  1.05  0.77  0.61  0.38 
322  0.16  1.04  1.04  0.77  0.61  0.38 
323  0.15  1.04  1.04  0.77  0.61  0.39 
324  0.15  1.05  1.04  0.77  0.61  0.39 
325  0.15  1.05  1.05  0.78  0.61  0.39 
326  0.16  1.04  1.04  0.77  0.61  0.39 
327  0.15  1.05  1.04  0.77  0.61  0.39 
328  0.16  1.04  1.05  0.77  0.61  0.38 
329  0.15  1.04  1.04  0.78  0.60  0.38 
330  0.15  1.04  1.04  0.77  0.61  0.38 
331  0.15  1.04  1.04  0.77  0.61  0.38 
332  0.15  1.04  1.04  0.77  0.61  0.38 
333  0.15  1.04  1.04  0.77  0.60  0.38 
334  0.15  1.05  1.04  0.77  0.60  0.38 
335  0.15  1.05  1.04  0.77  0.61  0.38 
336  0.15  1.05  1.03  0.77  0.60  0.38 
337  0.15  1.04  1.04  0.77  0.61  0.39 
338  0.15  1.04  1.04  0.77  0.60  0.38 
339  0.15  1.04  1.04  0.77  0.60  0.38 
340  0.15  1.04  1.04  0.76  0.60  0.37 
341  0.15  1.04  1.03  0.76  0.60  0.37 
342  0.15  1.04  1.03  0.76  0.61  0.37 
343  0.15  1.03  1.03  0.76  0.60  0.38 
344  0.15  1.03  1.03  0.76  0.59  0.38 
345  0.15  1.04  1.03  0.75  0.60  0.37 
346  0.15  1.04  1.04  0.76  0.60  0.38 
347  0.15  1.03  1.03  0.75  0.60  0.37 
348  0.15  1.04  1.03  0.76  0.60  0.38 
349  0.15  1.03  1.03  0.76  0.60  0.38 
350  0.15  1.03  1.03  0.76  0.59  0.38 
351  0.14  1.03  1.04  0.75  0.60  0.37 
352  0.14  1.04  1.03  0.76  0.60  0.36 
353  0.14  1.03  1.03  0.75  0.59  0.37 
354  0.14  1.03  1.04  0.76  0.60  0.36 
355  0.14  1.03  1.03  0.76  0.60  0.37 
356  0.15  1.03  1.03  0.76  0.58  0.37 
357  0.15  1.03  1.04  0.76  0.59  0.37 
358  0.14  1.03  1.04  0.76  0.60  0.37 
359  0.15  1.03  1.03  0.76  0.60  0.36 
360  0.14  1.03  1.04  0.76  0.59  0.37 
361  0.14  1.02  1.03  0.75  0.60  0.37 
362  0.14  1.03  1.03  0.75  0.59  0.37 
363  0.14  1.03  1.03  0.76  0.59  0.37 
364  0.14  1.03  1.03  0.76  0.60  0.37 
365  0.15  1.03  1.03  0.75  0.80  0.36 
366  0.14  1.03  1.03  0.75  0.60  0.37 
367  0.14  1.03  1.03  0.75  0.60  0.37 
368  0.13  1.03  1.02  0.76  0.59  0.36 
369  0.14  1.02  1.03  0.75  0.59  0.37 
370  0.14  1.03  1.02  0.76  0.60  0.36 
371  0.14  1.02  1.02  0.76  0.59  0.36 
372  0.14  1.02  1.02  0.76  0.59  0.37 
373  0.14  1.02  1.02  0.75  0.59  0.37 
374  0.14  1.03  1.02  0.76  0.59  0.37 
375  0.13  1.02  1.02  0.75  0.59  0.37 
376  0.14  1.02  1.03  0.75  0.59  0.36 
377  0.14  1.02  1.02  0.76  0.58  0.36 
378  0.14  1.03  1.03  0.75  0.59  0.36 
379  0.13  1.02  1.03  0.76  0.59  0.36 
380  0.13  1.03  1.02  0.76  0.58  0.36 
381  0.13  1.02  1.03  0.75  0.59  0.36 
382  0.14  1.02  1.02  0.75  0.59  0.36 
383  0.13  1.03  1.02  0.75  0.59  0.36 
384  0.13  1.02  1.02  0.75  0.59  0.36 
385  0.14  1.02  1.02  0.75  0.59  0.37 
386  0.13  1.03  1.02  0.74  0.58  0.36 
387  0.13  1.02  1.02  0.74  0.58  0.37 
388  0.13  1.03  1.03  0.75  0.59  0.37 
389  0.14  1.02  1.01  0.75  0.59  0.35 
390  0.13  1.02  1.02  0.75  0.58  0.36 
391  0.13  1.02  1.02  0.75  0.60  0.36 
392  0.13  1.02  1.02  0.74  0.57  0.36 
393  0.13  1.03  1.02  0.75  0.58  0.35 
394  0.13  1.02  1.03  0.74  0.58  0.36 
395  0.13  1.02  1.01  0.74  0.58  0.36 
396  0.13  1.02  1.02  0.74  0.59  0.36 
397  0.13  1.02  1.02  0.75  0.58  0.36 
398  0.13  1.02  1.02  0.74  0.58  0.36 
399  0.13  1.02  1.02  0.74  0.58  0.36 
400  0.13  1.02  1.02  0.74  0.58  0.35 
401  0.13  1.02  1.01  0.74  0.58  0.35 
402  0.13  1.02  1.01  0.74  0.58  0.35 
403  0.12  1.02  1.02  0.75  0.58  0.35 
404  0.13  1.02  1.02  0.74  0.57  0.35 
405  0.12  1.02  1.01  0.74  0.58  0.35 
406  0.12  1.02  1.01  0.73  0.58  0.35 
407  0.13  1.02  1.01  0.74  0.57  0.35 
408  0.13  1.01  1.01  0.74  0.58  0.35 
409  0.12  1.02  1.02  0.75  0.59  0.36 
410  0.13  1.01  1.01  0.74  0.58  0.36 
411  0.12  1.02  1.01  0.74  0.57  0.36 
412  0.13  1.01  1.01  0.74  0.58  0.35 
413  0.13  1.01  1.01  0.74  0.58  0.35 
414  0.13  1.01  1.02  0.74  0.57  0.35 
415  0.13  1.02  1.01  0.74  0.58  0.35 
416  0.12  1.01  1.01  0.74  0.57  0.35 
417  0.12  1.01  1.01  0.73  0.58  0.35 
418  0.12  1.01  1.00  0.74  0.57  0.35 
419  0.12  1.01  1.01  0.74  0.58  0.35 
420  0.12  1.01  1.01  0.74  0.59  0.35 
421  0.12  1.01  1.01  0.74  0.58  0.34 
422  0.12  1.01  1.01  0.74  0.57  0.36 
423  0.13  1.00  1.01  0.74  0.58  0.35 
424  0.12  1.01  1.01  0.74  0.58  0.35 
425  0.12  1.01  1.01  0.74  0.58  0.36 
426  0.12  1.01  1.01  0.74  0.58  0.35 
427  0.12  1.01  1.01  0.74  0.59  0.36 
428  0.12  1.01  1.01  0.74  0.57  0.36 
429  0.12  1.01  1.01  0.74  0.57  0.36 
430  0.12  1.02  1.01  0.74  0.58  0.36 
431  0.12  1.01  1.01  0.74  0.58  0.36 
432  0.12  1.01  1.01  0.74  0.58  0.36 
433  0.12  1.01  1.01  0.74  0.58  0.37 
434  0.12  1.01  1.01  0.74  0.57  0.36 
435  0.12  1.01  1.01  0.74  0.57  0.37 
436  0.12  1.01  1.01  0.74  0.57  0.36 
437  0.12  1.01  1.00  0.73  0.57  0.36 
438  0.12  1.01  1.01  0.74  0.57  0.36 
439  0.12  1.01  1.00  0.73  0.58  0.37 
440  0.12  1.01  1.01  0.73  0.57  0.37 
441  0.12  1.01  1.01  0.73  0.57  0.37 
442  0.12  1.01  1.00  0.74  0.57  0.36 
443  0.12  1.00  1.00  0.73  0.57  0.37 
444  0.12  1.01  1.00  0.73  0.57  0.36 
445  0.11  1.01  1.00  0.73  0.57  0.37 
446  0.12  1.00  1.00  0.73  0.56  0.37 
447  0.12  1.01  1.01  0.73  0.57  0.36 
448  0.12  1.01  1.00  0.73  0.57  0.35 
449  0.12  1.00  1.00  0.73  0.56  0.36 
450  0.12  1.01  1.00  0.73  0.57  0.36 
451  0.12  1.01  1.00  0.73  0.57  0.35 
452  0.12  1.01  1.01  0.73  0.56  0.36 
453  0.12  1.00  1.00  0.73  0.56  0.36 
454  0.12  1.01  1.00  0.73  0.57  0.36 
455  0.12  1.00  1.00  0.73  0.57  0.36 
456  0.11  1.01  1.00  0.73  0.57  0.36 
457  0.12  1.00  1.01  0.74  0.57  0.36 
458  0.12  1.01  1.00  0.73  0.56  0.36 
459  0.11  1.00  1.01  0.73  0.57  0.37 
460  0.12  1.00  1.00  0.73  0.56  0.35 
461  0.11  1.00  1.00  0.73  0.56  0.36 
462  0.11  1.00  1.00  0.73  0.57  0.38 
463  0.11  1.01  1.00  0.73  0.57  0.35 
464  0.11  1.00  1.00  0.73  0.57  0.35 
465  0.11  1.01  1.00  0.72  0.56  0.35 
466  0.11  1.00  1.00  0.73  0.56  0.35 
467  0.11  1.00  1.00  0.73  0.56  0.36 
468  0.11  1.00  1.00  0.73  0.57  0.35 
469  0.11  1.01  1.00  0.73  0.56  0.36 
470  0.11  1.00  1.00  0.73  0.56  0.36 
471  0.11  1.00  1.00  0.73  0.56  0.39 
472  0.11  1.00  1.00  0.73  0.57  0.35 
473  0.11  1.00  1.00  0.73  0.56  0.35 
474  0.11  1.00  1.00  0.73  0.56  0.35 
475  0.11  1.00  1.00  0.73  0.57  0.35 
476  0.11  1.00  1.00  0.73  0.56  0.35 
477  0.11  1.00  1.00  0.73  0.56  0.35 
478  0.11  1.00  1.00  0.73  0.57  0.35 
479  0.11  1.00  1.00  0.73  0.56  0.35 
480  0.11  1.00  1.00  0.73  0.56  0.35 
481  0.11  1.00  1.00  0.73  0.57  0.35 
482  0.11  1.00  1.00  0.72  0.56  0.35 
483  0.11  1.00  1.00  0.73  0.56  0.35 
484  0.11  1.00  1.00  0.73  0.56  0.34 
485  0.11  1.00  1.00  0.73  0.56  0.35 
486  0.11  1.00  1.00  0.72  0.57  0.35 
487  0.11  1.00  0.99  0.72  0.56  0.35 
488  0.11  1.00  1.00  0.73  0.55  0.34 
489  0.11  0.99  1.00  0.72  0.56  0.35 
490  0.11  1.00  1.00  0.72  0.56  0.35 
491  0.11  1.00  1.00  0.73  0.55  0.35 
492  0.11  1.00  1.00  0.72  0.56  0.35 
493  0.11  1.00  1.00  0.72  0.56  0.35 
494  0.11  1.00  1.00  0.72  0.56  0.35 
495  0.11  1.00  1.00  0.73  0.56  0.35 
496  0.11  1.00  0.99  0.72  0.55  0.34 
497  0.11  1.00  1.00  0.72  0.56  0.34 
498  0.10  0.99  0.99  0.72  0.56  0.34 
499  0.10  1.00  1.00  0.72  0.56  0.34 
500  0.10  1.00  0.99  0.73  0.55  0.35 
501  0.10  1.00  0.99  0.72  0.56  0.35 
502  0.10  1.00  1.00  0.72  0.56  0.35 
503  0.11  0.99  0.99  0.72  0.55  0.35 
504  0.11  1.00  1.00  0.72  0.56  0.35 
505  0.10  1.00  1.00  0.72  0.56  0.34 
506  0.10  1.00  0.99  0.72  0.56  0.35 
507  0.10  1.00  0.99  0.72  0.56  0.35 
508  0.10  1.00  0.99  0.72  0.56  0.34 
509  0.10  0.99  0.99  0.72  0.56  0.34 
510  0.10  1.00  0.99  0.72  0.56  0.34 
511  0.10  1.00  0.99  0.72  0.56  0.34 
512  0.11  0.99  0.99  0.72  0.55  0.34 
513  0.11  0.99  1.00  0.72  0.55  0.34 
514  0.10  1.00  1.00  0.73  0.56  0.34 
515  0.10  0.99  0.99  0.72  0.56  0.35 
516  0.10  1.00  1.00  0.72  0.56  0.34 
517  0.10  0.99  1.00  0.72  0.56  0.34 
518  0.11  0.99  0.99  0.72  0.55  0.34 
519  0.10  0.99  0.99  0.72  0.55  0.34 
520  0.10  0.99  0.99  0.72  0.56  0.34 
521  0.10  0.99  0.99  0.72  0.55  0.34 
522  0.11  0.99  0.99  0.72  0.56  0.34 
523  0.11  0.99  0.99  0.72  0.56  0.34 
524  0.10  0.99  0.99  0.72  0.55  0.34 
525  0.10  0.99  0.99  0.72  0.55  0.34 
526  0.10  0.99  0.99  0.72  0.56  0.34 
527  0.10  1.00  0.99  0.71  0.55  0.34 
528  0.10  0.99  0.99  0.72  0.55  0.34 
529  0.10  0.99  0.99  0.72  0.56  0.34 
530  0.10  0.98  0.99  0.72  0.55  0.35 
531  0.10  1.00  0.99  0.72  0.55  0.34 
532  0.10  0.99  0.99  0.72  0.55  0.34 
533  0.10  0.99  0.99  0.71  0.55  0.33 
534  0.10  0.99  0.99  0.72  0.55  0.34 
535  0.10  0.99  0.99  0.71  0.55  0.34 
536  0.10  0.99  0.99  0.71  0.55  0.34 
537  0.10  0.99  0.99  0.72  0.55  0.34 
538  0.10  0.99  0.99  0.71  0.55  0.34 
539  0.10  0.99  0.99  0.71  0.55  0.34 
540  0.10  0.99  0.99  0.72  0.56  0.34 
541  0.10  0.99  0.99  0.71  0.55  0.35 
542  0.10  0.99  0.99  0.71  0.54  0.34 
543  0.10  0.99  0.99  0.71  0.55  0.34 
544  0.10  0.99  0.98  0.72  0.55  0.33 
545  0.10  0.99  0.99  0.71  0.55  0.34 
546  0.10  0.98  0.99  0.71  0.55  0.34 
547  0.10  0.99  0.99  0.72  0.55  0.34 
548  0.10  0.99  0.99  0.71  0.55  0.34 
549  0.10  0.99  0.99  0.71  0.55  0.34 
550  0.10  0.99  0.99  0.71  0.55  0.34 
551  0.10  0.99  0.99  0.71  0.55  0.34 
552  0.10  0.99  0.99  0.72  0.55  0.34 
553  0.10  0.99  0.99  0.72  0.55  0.33 
554  0.10  0.99  0.99  0.71  0.54  0.34 
555  0.10  0.99  0.99  0.71  0.54  0.34 
556  0.10  0.99  0.99  0.71  0.55  0.33 
557  0.10  0.99  0.99  0.71  0.55  0.33 
558  0.09  0.99  0.99  0.71  0.55  0.33 
559  0.10  0.98  0.99  0.71  0.55  0.33 
560  0.09  0.99  0.99  0.71  0.55  0.33 
561  0.10  0.99  0.98  0.71  0.55  0.33 
562  0.09  0.99  0.99  0.72  0.55  0.34 
563  0.10  0.99  0.99  0.71  0.55  0.33 
564  0.10  0.99  0.99  0.71  0.55  0.34 
565  0.10  0.99  0.99  0.71  0.55  0.34 
566  0.10  0.99  0.99  0.71  0.55  0.34 
567  0.10  0.99  0.99  0.71  0.55  0.34 
568  0.10  0.99  0.98  0.71  0.55  0.33 
569  0.09  0.99  0.99  0.71  0.55  0.33 
570  0.09  0.99  0.99  0.71  0.54  0.33 
571  0.10  0.99  0.99  0.71  0.55  0.33 
572  0.10  0.99  0.99  0.71  0.54  0.33 
573  0.09  0.99  0.99  0.71  0.54  0.33 
574  0.10  0.99  0.99  0.71  0.55  0.33 
575  0.09  0.99  0.98  0.71  0.55  0.33 
576  0.09  0.99  0.99  0.71  0.55  0.33 
577  0.10  0.98  0.98  0.71  0.55  0.33 
578  0.09  0.99  0.98  0.71  0.55  0.33 
579  0.09  0.99  0.99  0.71  0.55  0.34 
580  0.10  0.98  0.98  0.71  0.55  0.33 
581  0.09  0.99  0.98  0.71  0.55  0.32 
582  0.10  0.98  0.98  0.71  0.55  0.33 
583  0.10  0.99  0.99  0.71  0.55  0.33 
584  0.09  0.98  0.98  0.71  0.54  0.33 
585  0.09  0.98  0.98  0.71  0.55  0.33 
586  0.09  0.99  0.99  0.71  0.55  0.33 
587  0.10  0.98  0.98  0.71  0.55  0.33 
588  0.10  0.98  0.98  0.71  0.55  0.33 
589  0.09  0.98  0.98  0.71  0.55  0.33 
590  0.09  0.99  0.98  0.71  0.54  0.33 
591  0.10  0.98  0.98  0.71  0.54  0.33 
592  0.09  0.98  0.98  0.71  0.55  0.33 
593  0.09  0.99  0.98  0.71  0.55  0.33 
594  0.09  0.98  0.98  0.71  0.54  0.33 
595  0.09  0.98  0.98  0.71  0.54  0.33 
596  0.09  0.98  0.98  0.71  0.54  0.33 
597  0.10  0.98  0.98  0.71  0.55  0.33 
598  0.10  0.98  0.98  0.71  0.55  0.33 
599  0.09  0.98  0.98  0.71  0.54  0.33 
600  0.09  0.98  0.98  0.71  0.54  0.33 
601  0.09  0.98  0.99  0.71  0.55  0.33 
602  0.09  0.98  0.98  0.71  0.54  0.33 
603  0.09  0.98  0.98  0.70  0.54  0.33 
604  0.09  0.98  0.99  0.71  0.55  0.32 
605  0.09  0.98  0.97  0.71  0.54  0.32 
606  0.09  0.98  0.98  0.71  0.54  0.33 
607  0.09  0.98  0.99  0.71  0.54  0.33 
608  0.09  0.98  0.98  0.71  0.54  0.33 
609  0.09  0.99  0.98  0.70  0.54  0.32 
610  0.09  0.98  0.99  0.71  0.54  0.33 
611  0.09  0.98  0.98  0.71  0.54  0.33 
612  0.09  0.98  0.98  0.71  0.54  0.33 
613  0.09  0.98  0.98  0.71  0.54  0.33 
614  0.09  0.98  0.98  0.71  0.54  0.33 
615  0.09  0.98  0.98  0.71  0.54  0.33 
616  0.09  0.98  0.98  0.71  0.54  0.32 
617  0.09  0.98  0.98  0.71  0.54  0.32 
618  0.09  0.98  0.98  0.70  0.55  0.33 
619  0.09  0.98  0.98  0.70  0.54  0.32 
620  0.09  0.98  0.98  0.70  0.54  0.32 
621  0.09  0.98  0.98  0.70  0.54  0.32 
622  0.09  0.98  0.98  0.70  0.54  0.33 
623  0.09  0.98  0.97  0.70  0.54  0.33 
624  0.09  0.98  0.98  0.71  0.54  0.33 
625  0.09  0.98  0.98  0.71  0.54  0.33 
626  0.09  0.98  0.98  0.70  0.53  0.33 
627  0.09  0.98  0.97  0.70  0.54  0.33 
628  0.09  0.98  0.98  0.71  0.54  0.32 
629  0.09  0.98  0.97  0.71  0.54  0.32 
630  0.09  0.98  0.98  0.70  0.54  0.32 
631  0.09  0.98  0.98  0.71  0.54  0.32 
632  0.09  0.98  0.98  0.70  0.54  0.32 
633  0.09  0.98  0.98  0.70  0.53  0.33 
634  0.09  0.98  0.99  0.70  0.54  0.32 
635  0.09  0.97  0.97  0.70  0.54  0.32 
636  0.09  0.98  0.98  0.70  0.54  0.33 
637  0.09  0.97  0.98  0.70  0.54  0.32 
638  0.09  0.98  0.98  0.70  0.53  0.32 
639  0.09  0.98  0.98  0.70  0.54  0.32 
640  0.09  0.98  0.98  0.70  0.54  0.32 
641  0.09  0.98  0.98  0.70  0.54  0.32 
642  0.09  0.98  0.98  0.70  0.54  0.32 
643  0.09  0.98  0.98  0.70  0.54  0.32 
644  0.09  0.98  0.98  0.70  0.54  0.32 
645  0.09  0.98  0.98  0.70  0.53  0.32 
646  0.09  0.98  0.98  0.70  0.54  0.33 
647  0.09  0.98  0.98  0.70  0.54  0.33 
648  0.09  0.98  0.98  0.70  0.54  0.32 
649  0.09  0.98  0.98  0.70  0.54  0.33 
650  0.09  0.98  0.98  0.70  0.54  0.33 
651  0.09  0.97  0.98  0.70  0.54  0.33 
652  0.09  0.98  0.98  0.70  0.53  0.31 
653  0.09  0.97  0.98  0.70  0.54  0.32 
654  0.09  0.97  0.98  0.70  0.54  0.32 
655  0.09  0.98  0.98  0.71  0.54  0.32 
656  0.09  0.98  0.98  0.70  0.54  0.32 
657  0.08  0.98  0.98  0.70  0.54  0.32 
658  0.09  0.98  0.98  0.70  0.54  0.32 
659  0.08  0.97  0.98  0.71  0.54  0.32 
660  0.09  0.98  0.98  0.70  0.54  0.32 
661  0.09  0.98  0.97  0.70  0.54  0.33 
662  0.08  0.97  0.97  0.70  0.53  0.33 
663  0.09  0.98  0.98  0.70  0.53  0.32 
664  0.09  0.97  0.98  0.70  0.53  0.31 
665  0.09  0.98  0.97  0.70  0.54  0.32 
666  0.08  0.98  0.98  0.70  0.54  0.31 
667  0.09  0.98  0.97  0.70  0.54  0.32 
668  0.08  0.98  0.98  0.70  0.53  0.32 
669  0.09  0.98  0.98  0.70  0.53  0.32 
670  0.09  0.98  0.98  0.70  0.54  0.31 
671  0.09  0.98  0.98  0.70  0.54  0.32 
672  0.08  0.98  0.98  0.70  0.54  0.32 
673  0.09  0.97  0.97  0.70  0.54  0.32 
674  0.08  0.98  0.97  0.70  0.53  0.32 
675  0.09  0.97  0.98  0.70  0.53  0.32 
676  0.08  0.98  0.97  0.70  0.53  0.32 
677  0.08  0.97  0.98  0.70  0.53  0.32 
678  0.09  0.98  0.97  0.70  0.54  0.32 
679  0.09  0.97  0.97  0.70  0.54  0.32 
680  0.09  0.97  0.98  0.70  0.53  0.32 
681  0.09  0.98  0.98  0.70  0.53  0.32 
682  0.09  0.97  0.98  0.70  0.53  0.32 
683  0.08  0.98  0.98  0.70  0.53  0.32 
684  0.08  0.97  0.97  0.70  0.53  0.32 
685  0.08  0.97  0.98  0.70  0.53  0.32 
686  0.08  0.97  0.98  0.70  0.53  0.32 
687  0.09  0.97  0.98  0.70  0.53  0.32 
688  0.09  0.97  0.97  0.70  0.54  0.32 
689  0.09  0.97  0.97  0.70  0.53  0.32 
690  0.08  0.97  0.97  0.70  0.53  0.31 
691  0.08  0.97  0.98  0.70  0.54  0.32 
692  0.08  0.97  0.97  0.70  0.53  0.32 
693  0.09  0.97  0.97  0.70  0.53  0.32 
694  0.09  0.97  0.97  0.69  0.53  0.32 
695  0.08  0.97  0.98  0.70  0.54  0.32 
696  0.08  0.97  0.97  0.70  0.54  0.32 
697  0.08  0.97  0.98  0.69  0.54  0.32 
698  0.08  0.97  0.97  0.70  0.53  0.32 
699  0.08  0.97  0.97  0.70  0.53  0.31 
700  0.08  0.97  0.97  0.70  0.53  0.31 
701  0.08  0.97  0.97  0.70  0.53  0.32 
702  0.08  0.97  0.98  0.70  0.53  0.31 
703  0.08  0.97  0.98  0.70  0.54  0.31 
704  0.08  0.97  0.97  0.69  0.53  0.32 
705  0.08  0.97  0.98  0.70  0.53  0.32 
706  0.08  0.97  0.98  0.70  0.53  0.32 
707  0.08  0.97  0.97  0.70  0.53  0.32 
708  0.08  0.97  0.97  0.70  0.53  0.32 
709  0.08  0.97  0.97  0.70  0.53  0.32 
710  0.08  0.97  0.97  0.70  0.53  0.32 
711  0.08  0.97  0.97  0.70  0.53  0.32 
712  0.08  0.97  0.97  0.70  0.53  0.31 
713  0.08  0.97  0.97  0.70  0.53  0.31 
714  0.08  0.97  0.97  0.70  0.53  0.31 
715  0.08  0.97  0.98  0.70  0.54  0.31 
716  0.08  0.97  0.97  0.69  0.53  0.32 
717  0.08  0.97  0.97  0.69  0.53  0.32 
718  0.08  0.97  0.97  0.70  0.53  0.32 
719  0.08  0.97  0.97  0.69  0.53  0.32 
720  0.08  0.97  0.97  0.69  0.53  0.31 
721  0.08  0.97  0.98  0.70  0.53  0.32 
722  0.08  0.97  0.97  0.70  0.53  0.32 
723  0.08  0.97  0.98  0.70  0.52  0.32 
724  0.08  0.97  0.98  0.70  0.53  0.31 
725  0.08  0.97  0.97  0.70  0.53  0.31 
726  0.08  0.97  0.97  0.69  0.53  0.31 
727  0.08  0.97  0.97  0.69  0.53  0.31 
728  0.08  0.97  0.97  0.69  0.53  0.31 
729  0.08  0.97  0.97  0.69  0.52  0.31 
730  0.08  0.97  0.97  0.70  0.53  0.32 
731  0.08  0.97  0.97  0.69  0.53  0.31 
732  0.08  0.97  0.97  0.70  0.53  0.32 
733  0.08  0.97  0.98  0.69  0.53  0.32 
734  0.08  0.97  0.97  0.69  0.53  0.32 
735  0.08  0.97  0.97  0.69  0.52  0.32 
736  0.08  0.97  0.98  0.69  0.53  0.31 
737  0.08  0.97  0.97  0.69  0.53  0.31 
738  0.08  0.97  0.98  0.70  0.53  0.31 
739  0.08  0.97  0.97  0.70  0.53  0.31 
740  0.08  0.97  0.97  0.70  0.53  0.31 
741  0.08  0.97  0.97  0.69  0.53  0.31 
742  0.08  0.97  0.97  0.70  0.53  0.31 
743  0.08  0.97  0.97  0.69  0.52  0.31 
744  0.08  0.97  0.97  0.69  0.53  0.31 
745  0.08  0.97  0.97  0.70  0.53  0.31 
746  0.08  0.97  0.97  0.69  0.53  0.31 
747  0.08  0.97  0.97  0.69  0.52  0.31 
748  0.08  0.97  0.97  0.69  0.53  0.31 
749  0.08  0.97  0.97  0.69  0.53  0.31 
750  0.08  0.97  0.97  0.69  0.53  0.31 
751  0.08  0.97  0.97  0.69  0.53  0.31 
752  0.08  0.97  0.97  0.69  0.53  0.31 
753  0.08  0.97  0.97  0.69  0.53  0.31 
754  0.08  0.97  0.97  0.69  0.53  0.31 
755  0.08  0.97  0.97  0.69  0.53  0.31 
756  0.08  0.97  0.97  0.69  0.53  0.31 
757  0.08  0.97  0.97  0.69  0.53  0.31 
758  0.08  0.97  0.97  0.70  0.52  0.31 
759  0.08  0.96  0.97  0.69  0.53  0.32 
760  0.08  0.96  0.97  0.69  0.52  0.31 
761  0.08  0.97  0.97  0.69  0.53  0.31 
762  0.08  0.97  0.97  0.70  0.53  0.31 
763  0.08  0.96  0.97  0.70  0.53  0.31 
764  0.08  0.97  0.97  0.69  0.52  0.31 
765  0.08  0.97  0.97  0.69  0.52  0.31 
766  0.08  0.97  0.97  0.70  0.52  0.31 
767  0.08  0.97  0.96  0.69  0.53  0.31 
768  0.08  0.97  0.97  0.69  0.53  0.31 
769  0.08  0.97  0.97  0.69  0.53  0.31 
770  0.08  0.96  0.97  0.69  0.52  0.31 
771  0.08  0.97  0.97  0.69  0.52  0.31 
772  0.08  0.97  0.97  0.69  0.52  0.31 
773  0.08  0.97  0.97  0.69  0.53  0.31 
774  0.08  0.97  0.97  0.69  0.53  0.30 
775  0.08  0.97  0.97  0.69  0.53  0.31 
776  0.08  0.97  0.97  0.69  0.53  0.31 
777  0.08  0.97  0.97  0.69  0.53  0.31 
778  0.08  0.97  0.97  0.69  0.52  0.31 
779  0.08  0.97  0.97  0.69  0.53  0.31 
780  0.08  0.97  0.97  0.69  0.53  0.31 
781  0.08  0.96  0.97  0.69  0.53  0.31 
782  0.08  0.97  0.97  0.69  0.52  0.31 
783  0.08  0.96  0.97  0.69  0.53  0.31 
784  0.08  0.97  0.97  0.69  0.53  0.31 
785  0.08  0.96  0.97  0.69  0.52  0.31 
786  0.08  0.96  0.96  0.69  0.53  0.31 
787  0.08  0.97  0.97  0.69  0.53  0.31 
788  0.08  0.97  0.97  0.69  0.52  0.31 
789  0.08  0.97  0.97  0.69  0.52  0.31 
790  0.07  0.97  0.96  0.69  0.53  0.31 
791  0.08  0.96  0.96  0.69  0.52  0.31 
792  0.08  0.96  0.96  0.69  0.53  0.31 
793  0.08  0.97  0.96  0.69  0.53  0.31 
794  0.08  0.96  0.97  0.69  0.52  0.31 
795  0.08  0.97  0.97  0.69  0.52  0.31 
796  0.08  0.97  0.97  0.69  0.53  0.30 
797  0.08  0.96  0.96  0.69  0.52  0.30 
798  0.08  0.96  0.97  0.69  0.52  0.31 
799  0.08  0.96  0.97  0.69  0.52  0.31 
800  0.08  0.96  0.97  0.69  0.52  0.31 
801  0.08  0.97  0.96  0.69  0.52  0.31 
802  0.08  0.96  0.97  0.69  0.52  0.31 
803  0.08  0.96  0.97  0.69  0.52  0.31 
804  0.08  0.97  0.97  0.69  0.52  0.31 
805  0.08  0.96  0.97  0.69  0.52  0.31 
806  0.08  0.96  0.97  0.69  0.52  0.31 
807  0.08  0.97  0.97  0.69  0.52  0.31 
808  0.07  0.96  0.97  0.69  0.52  0.31 
809  0.08  0.96  0.96  0.69  0.53  0.31 
810  0.07  0.96  0.97  0.69  0.52  0.31 
811  0.08  0.96  0.97  0.69  0.53  0.31 
812  0.07  0.96  0.97  0.69  0.52  0.31 
813  0.08  0.96  0.97  0.69  0.52  0.31 
814  0.08  0.97  0.97  0.69  0.52  0.31 
815  0.07  0.97  0.96  0.68  0.52  0.31 
816  0.07  0.97  0.97  0.69  0.52  0.31 
817  0.07  0.97  0.97  0.69  0.53  0.31 
818  0.08  0.96  0.96  0.69  0.52  0.31 
819  0.08  0.96  0.97  0.69  0.52  0.31 
820  0.08  0.96  0.96  0.69  0.52  0.30 
821  0.07  0.96  0.96  0.69  0.52  0.30 
822  0.08  0.96  0.97  0.69  0.52  0.30 
823  0.08  0.96  0.96  0.69  0.52  0.31 
824  0.07  0.96  0.96  0.69  0.52  0.31 
825  0.07  0.96  0.97  0.69  0.52  0.31 
826  0.07  0.96  0.97  0.69  0.52  0.31 
827  0.07  0.96  0.96  0.69  0.52  0.30 
828  0.07  0.96  0.97  0.69  0.52  0.30 
829  0.07  0.96  0.97  0.69  0.53  0.31 
830  0.07  0.96  0.97  0.69  0.52  0.31 
831  0.07  0.96  0.96  0.69  0.52  0.31 
832  0.07  0.96  0.97  0.69  0.52  0.31 
833  0.07  0.96  0.96  0.69  0.52  0.30 
834  0.07  0.96  0.97  0.69  0.52  0.30 
835  0.07  0.96  0.97  0.69  0.52  0.31 
836  0.07  0.96  0.96  0.69  0.52  0.30 
837  0.07  0.96  0.97  0.69  0.52  0.30 
838  0.08  0.96  0.97  0.68  0.52  0.30 
839  0.08  0.96  0.97  0.69  0.52  0.31 
840  0.07  0.96  0.97  0.69  0.52  0.31 
841  0.07  0.96  0.97  0.69  0.52  0.30 
842  0.07  0.96  0.96  0.69  0.52  0.31 
843  0.07  0.96  0.97  0.69  0.52  0.31 
844  0.07  0.96  0.96  0.69  0.52  0.30 
845  0.07  0.96  0.96  0.69  0.52  0.30 
846  0.07  0.96  0.96  0.69  0.52  0.30 
847  0.07  0.96  0.97  0.69  0.52  0.30 
848  0.07  0.96  0.96  0.68  0.52  0.30 
849  0.07  0.96  0.96  0.69  0.51  0.30 
850  0.07  0.96  0.97  0.69  0.53  0.30 
851  0.07  0.96  0.96  0.69  0.52  0.31 
852  0.07  0.96  0.96  0.69  0.52  0.30 
853  0.07  0.96  0.97  0.69  0.52  0.30 
854  0.07  0.96  0.96  0.69  0.52  0.31 
855  0.07  0.96  0.96  0.69  0.52  0.31 
856  0.07  0.96  0.96  0.69  0.52  0.30 
857  0.07  0.96  0.96  0.69  0.52  0.30 
858  0.07  0.96  0.97  0.69  0.52  0.30 
859  0.07  0.96  0.97  0.69  0.52  0.30 
860  0.07  0.96  0.96  0.69  0.52  0.30 
861  0.07  0.96  0.97  0.69  0.52  0.30 
862  0.07  0.96  0.96  0.69  0.52  0.30 
863  0.07  0.96  0.96  0.69  0.52  0.30 
864  0.07  0.96  0.96  0.69  0.52  0.30 
865  0.07  0.96  0.96  0.69  0.53  0.31 
866  0.07  0.96  0.96  0.69  0.52  0.30 
867  0.07  0.96  0.97  0.69  0.52  0.30 
868  0.07  0.96  0.97  0.69  0.52  0.30 
869  0.07  0.96  0.96  0.68  0.52  0.30 
870  0.07  0.96  0.96  0.69  0.52  0.30 
871  0.07  0.96  0.96  0.69  0.52  0.30 
872  0.07  0.96  0.96  0.69  0.52  0.30 
873  0.07  0.96  0.96  0.69  0.52  0.30 
874  0.07  0.96  0.96  0.69  0.51  0.30 
875  0.07  0.96  0.96  0.68  0.52  0.30 
876  0.07  0.96  0.96  0.68  0.52  0.30 
877  0.07  0.96  0.96  0.68  0.52  0.30 
878  0.07  0.96  0.96  0.69  0.52  0.30 
879  0.07  0.96  0.96  0.68  0.52  0.30 
880  0.07  0.96  0.96  0.69  0.52  0.30 
881  0.07  0.96  0.96  0.68  0.52  0.30 
882  0.07  0.96  0.96  0.68  0.52  0.30 
883  0.07  0.96  0.96  0.68  0.52  0.30 
884  0.07  0.96  0.96  0.68  0.52  0.30 
885  0.07  0.96  0.96  0.68  0.52  0.30 
886  0.07  0.96  0.96  0.69  0.52  0.30 
887  0.07  0.96  0.96  0.68  0.52  0.30 
888  0.07  0.96  0.96  0.68  0.52  0.30 
889  0.07  0.96  0.96  0.69  0.52  0.30 
890  0.07  0.96  0.96  0.68  0.52  0.30 
891  0.07  0.96  0.96  0.68  0.52  0.30 
892  0.07  0.96  0.96  0.68  0.52  0.30 
893  0.07  0.96  0.96  0.68  0.52  0.30 
894  0.07  0.96  0.96  0.68  0.52  0.30 
895  0.07  0.96  0.96  0.68  0.52  0.30 
896  0.07  0.96  0.96  0.68  0.52  0.30 
897  0.07  0.96  0.96  0.69  0.51  0.30 
898  0.07  0.96  0.96  0.68  0.52  0.30 
899  0.07  0.96  0.96  0.68  0.52  0.30 
900  0.07  0.96  0.96  0.68  0.52  0.30 
901  0.07  0.96  0.96  0.68  0.52  0.30 
902  0.07  0.96  0.96  0.68  0.51  0.30 
903  0.07  0.96  0.96  0.68  0.51  0.30 
904  0.07  0.96  0.96  0.68  0.52  0.30 
905  0.07  0.96  0.96  0.68  0.52  0.30 
906  0.07  0.96  0.96  0.69  0.52  0.30 
907  0.07  0.96  0.96  0.68  0.52  0.30 
908  0.07  0.96  0.96  0.69  0.51  0.30 
909  0.07  0.96  0.96  0.68  0.52  0.30 
910  0.07  0.96  0.96  0.68  0.52  0.30 
911  0.07  0.96  0.96  0.68  0.52  0.30 
912  0.07  0.96  0.96  0.68  0.52  0.30 
913  0.07  0.96  0.96  0.68  0.52  0.30 
914  0.07  0.96  0.96  0.68  0.51  0.30 
915  0.07  0.96  0.96  0.68  0.51  0.30 
916  0.07  0.96  0.96  0.68  0.52  0.30 
917  0.07  0.96  0.96  0.68  0.52  0.30 
918  0.07  0.96  0.96  0.68  0.52  0.30 
919  0.07  0.96  0.96  0.69  0.52  0.30 
920  0.07  0.95  0.96  0.68  0.52  0.30 
921  0.07  0.96  0.96  0.68  0.52  0.30 
922  0.07  0.96  0.96  0.68  0.51  0.30 
923  0.07  0.96  0.96  0.68  0.51  0.30 
924  0.07  0.96  0.96  0.68  0.52  0.30 
925  0.07  0.96  0.96  0.68  0.52  0.30 
926  0.07  0.96  0.95  0.68  0.51  0.30 
927  0.07  0.96  0.96  0.68  0.52  0.30 
928  0.07  0.96  0.96  0.68  0.52  0.30 
929  0.07  0.96  0.96  0.68  0.52  0.30 
930  0.07  0.96  0.96  0.68  0.52  0.30 
931  0.07  0.96  0.96  0.68  0.52  0.30 
932  0.07  0.96  0.96  0.68  0.51  0.30 
933  0.07  0.96  0.96  0.68  0.51  0.30 
934  0.07  0.96  0.96  0.68  0.52  0.30 
935  0.07  0.96  0.96  0.68  0.51  0.30 
936  0.07  0.96  0.96  0.68  0.51  0.30 
937  0.07  0.96  0.96  0.68  0.52  0.30 
938  0.07  0.96  0.96  0.68  0.51  0.30 
939  0.07  0.96  0.96  0.68  0.51  0.30 
940  0.07  0.96  0.96  0.68  0.51  0.30 
941  0.07  0.96  0.96  0.68  0.51  0.30 
942  0.07  0.96  0.96  0.68  0.51  0.30 
943  0.07  0.95  0.96  0.68  0.52  0.30 
944  0.07  0.96  0.96  0.68  0.51  0.30 
945  0.07  0.96  0.96  0.68  0.52  0.30 
946  0.07  0.96  0.96  0.68  0.51  0.30 
947  0.07  0.96  0.96  0.68  0.51  0.30 
948  0.07  0.96  0.96  0.68  0.51  0.30 
949  0.07  0.96  0.96  0.68  0.52  0.30 
950  0.07  0.96  0.96  0.68  0.51  0.30 
951  0.07  0.96  0.96  0.68  0.51  0.30 
952  0.07  0.95  0.96  0.68  0.52  0.30 
953  0.07  0.96  0.96  0.68  0.51  0.30 
954  0.07  0.96  0.96  0.68  0.52  0.30 
955  0.07  0.96  0.96  0.68  0.52  0.29 
956  0.07  0.95  0.96  0.68  0.51  0.30 
957  0.07  0.96  0.96  0.68  0.51  0.30 
958  0.07  0.96  0.96  0.68  0.52  0.30 
959  0.07  0.96  0.96  0.68  0.51  0.30 
960  0.07  0.96  0.96  0.68  0.51  0.30 
961  0.07  0.96  0.96  0.68  0.52  0.30 
962  0.07  0.95  0.96  0.68  0.51  0.30 
963  0.07  0.95  0.96  0.68  0.51  0.30 
964  0.07  0.96  0.96  0.68  0.52  0.30 
965  0.07  0.96  0.96  0.68  0.51  0.30 
966  0.07  0.96  0.96  0.68  0.51  0.30 
967  0.07  0.96  0.96  0.68  0.52  0.30 
968  0.07  0.96  0.96  0.68  0.51  0.30 
969  0.07  0.96  0.96  0.68  0.51  0.30 
970  0.07  0.95  0.96  0.68  0.52  0.30 
971  0.07  0.96  0.96  0.68  0.52  0.30 
972  0.07  0.96  0.96  0.68  0.51  0.30 
973  0.07  0.95  0.96  0.68  0.51  0.30 
974  0.07  0.95  0.96  0.68  0.51  0.30 
975  0.07  0.96  0.96  0.68  0.51  0.30 
976  0.07  0.95  0.96  0.68  0.52  0.30 
977  0.07  0.96  0.96  0.68  0.52  0.29 
978  0.07  0.96  0.96  0.68  0.51  0.29 
979  0.07  0.96  0.96  0.68  0.52  0.30 
980  0.07  0.96  0.96  0.68  0.51  0.29 
981  0.07  0.96  0.96  0.68  0.51  0.29 
982  0.07  0.96  0.96  0.68  0.51  0.30 
983  0.07  0.96  0.96  0.68  0.51  0.30 
984  0.07  0.96  0.96  0.68  0.51  0.30 
985  0.06  0.96  0.96  0.68  0.51  0.30 
986  0.06  0.95  0.96  0.68  0.51  0.30 
987  0.07  0.96  0.96  0.68  0.51  0.30 
988  0.06  0.95  0.96  0.68  0.52  0.29 
989  0.07  0.96  0.96  0.68  0.51  0.29 
990  0.07  0.95  0.96  0.68  0.51  0.29 
991  0.07  0.96  0.96  0.68  0.52  0.29 
992  0.06  0.96  0.95  0.68  0.51  0.29 
993  0.07  0.95  0.95  0.68  0.51  0.30 
994  0.07  0.96  0.96  0.68  0.51  0.30 
995  0.07  0.95  0.96  0.68  0.51  0.30 
996  0.06  0.96  0.96  0.68  0.51  0.30 
997  0.06  0.95  0.96  0.68  0.52  0.30 
998  0.07  0.95  0.96  0.68  0.51  0.30 
999  0.06  0.95  0.96  0.68  0.51  0.30 
1000  0.06  0.95  0.96  0.68  0.51  0.29 
1001  0.06  0.96  0.96  0.68  0.51  0.29 
1002  0.07  0.95  0.96  0.68  0.51  0.29 
1003  0.07  0.95  0.96  0.68  0.52  0.29 
1004  0.06  0.95  0.96  0.68  0.51  0.30 
1005  0.06  0.96  0.95  0.68  0.51  0.29 
1006  0.07  0.96  0.96  0.67  0.51  0.30 
1007  0.07  0.95  0.96  0.68  0.51  0.29 
1008  0.07  0.95  0.96  0.68  0.51  0.30 
1009  0.06  0.95  0.96  0.68  0.51  0.30 
1010  0.06  0.96  0.96  0.68  0.51  0.30 
1011  0.07  0.95  0.96  0.68  0.51  0.30 
1012  0.07  0.96  0.95  0.68  0.51  0.29 
1013  0.06  0.95  0.96  0.68  0.51  0.29 
1014  0.07  0.95  0.96  0.68  0.51  0.29 
1015  0.07  0.96  0.95  0.68  0.51  0.29 
1016  0.06  0.95  0.96  0.68  0.50  0.29 
1017  0.06  0.95  0.95  0.68  0.51  0.29 
1018  0.06  0.96  0.96  0.68  0.51  0.29 
1019  0.06  0.95  0.96  0.68  0.51  0.29 
1020  0.06  0.95  0.95  0.68  0.51  0.30 
1021  0.06  0.95  0.96  0.68  0.51  0.29 
1022  0.06  0.95  0.95  0.68  0.51  0.30 
1023  0.07  0.95  0.96  0.68  0.51  0.30 
1024  0.07  0.95  0.96  0.68  0.51  0.29 
1025  0.06  0.95  0.96  0.68  0.51  0.29 
1026  0.06  0.95  0.96  0.68  0.51  0.29 
1027  0.06  0.95  0.96  0.68  0.52  0.29 
1028  0.06  0.95  0.96  0.68  0.51  0.29 
1029  0.06  0.95  0.96  0.68  0.51  0.29 
1030  0.06  0.95  0.96  0.68  0.51  0.29 
1031  0.07  0.95  0.96  0.68  0.51  0.30 
1032  0.06  0.95  0.96  0.68  0.51  0.29 
1033  0.06  0.95  0.96  0.68  0.51  0.30 
1034  0.06  0.95  0.96  0.68  0.51  0.29 
1035  0.06  0.95  0.96  0.68  0.51  0.30 
1036  0.06  0.95  0.96  0.68  0.51  0.29 
1037  0.06  0.95  0.96  0.68  0.51  0.29 
1038  0.06  0.95  0.96  0.68  0.51  0.29 
1039  0.06  0.95  0.96  0.68  0.51  0.29 
1040  0.06  0.95  0.96  0.68  0.51  0.29 
1041  0.06  0.95  0.96  0.68  0.51  0.29 
1042  0.06  0.95  0.96  0.68  0.51  0.29 
1043  0.06  0.95  0.95  0.68  0.51  0.30 
1044  0.07  0.95  0.96  0.68  0.51  0.30 
1045  0.06  0.96  0.96  0.68  0.51  0.29 
1046  0.06  0.95  0.96  0.68  0.51  0.30 
1047  0.06  0.95  0.96  0.68  0.51  0.30 
1048  0.06  0.95  0.96  0.67  0.51  0.29 
1049  0.06  0.95  0.96  0.68  0.51  0.29 
1050  0.06  0.95  0.96  0.68  0.51  0.29 
1051  0.06  0.95  0.96  0.68  0.51  0.29 
1052  0.06  0.95  0.95  0.68  0.51  0.29 
1053  0.06  0.95  0.96  0.68  0.51  0.29 
1054  0.06  0.95  0.95  0.68  0.51  0.29 
1055  0.06  0.95  0.96  0.68  0.51  0.29 
1056  0.06  0.95  0.96  0.68  0.51  0.29 
1057  0.06  0.95  0.96  0.68  0.51  0.29 
1058  0.06  0.95  0.96  0.68  0.51  0.29 
1059  0.06  0.95  0.95  0.68  0.51  0.29 
1060  0.06  0.95  0.96  0.68  0.51  0.29 
1061  0.06  0.95  0.96  0.68  0.51  0.29 
1062  0.06  0.95  0.95  0.68  0.51  0.29 
1063  0.06  0.95  0.95  0.68  0.51  0.29 
1064  0.06  0.95  0.96  0.68  0.51  0.29 
1065  0.06  0.95  0.95  0.68  0.51  0.29 
1066  0.06  0.95  0.95  0.68  0.51  0.29 
1067  0.06  0.95  0.95  0.68  0.51  0.29 
1068  0.06  0.95  0.95  0.68  0.51  0.29 
1069  0.06  0.95  0.96  0.68  0.51  0.29 
1070  0.06  0.95  0.96  0.68  0.50  0.29 
1071  0.06  0.95  0.96  0.68  0.51  0.29 
1072  0.06  0.95  0.96  0.68  0.51  0.29 
1073  0.06  0.95  0.95  0.68  0.51  0.29 
1074  0.06  0.95  0.96  0.68  0.51  0.29 
1075  0.06  0.95  0.96  0.68  0.51  0.29 
1076  0.06  0.95  0.95  0.68  0.51  0.29 
1077  0.06  0.95  0.96  0.68  0.51  0.29 
1078  0.06  0.95  0.96  0.68  0.51  0.29 
1079  0.06  0.95  0.96  0.68  0.51  0.29 
1080  0.06  0.95  0.95  0.68  0.51  0.29 
1081  0.06  0.95  0.96  0.68  0.51  0.29 
1082  0.06  0.95  0.95  0.68  0.51  0.29 
1083  0.06  0.95  0.96  0.67  0.51  0.29 
1084  0.06  0.95  0.95  0.68  0.51  0.29 
1085  0.06  0.95  0.95  0.67  0.51  0.29 
1086  0.06  0.95  0.95  0.68  0.51  0.29 
1087  0.06  0.95  0.95  0.68  0.51  0.29 
1088  0.06  0.95  0.95  0.67  0.51  0.29 
1089  0.06  0.95  0.96  0.68  0.51  0.29 
1090  0.06  0.95  0.96  0.68  0.51  0.29 
1091  0.06  0.95  0.95  0.68  0.51  0.29 
1092  0.06  0.95  0.96  0.68  0.51  0.29 
1093  0.06  0.95  0.96  0.68  0.51  0.29 
1094  0.06  0.95  0.96  0.67  0.51  0.29 
1095  0.06  0.95  0.95  0.67  0.51  0.29 
1096  0.06  0.95  0.96  0.67  0.51  0.29 
1097  0.06  0.95  0.95  0.67  0.51  0.29 
1098  0.06  0.95  0.96  0.68  0.51  0.29 
1099  0.06  0.95  0.96  0.68  0.51  0.29 
1100  0.06  0.95  0.95  0.67  0.51  0.29 
1101  0.06  0.95  0.96  0.68  0.51  0.29 
1102  0.06  0.95  0.95  0.67  0.51  0.29 
1103  0.06  0.95  0.95  0.67  0.51  0.29 
1104  0.06  0.95  0.95  0.68  0.51  0.29 
1105  0.06  0.95  0.95  0.68  0.51  0.29 
1106  0.06  0.95  0.95  0.68  0.51  0.29 
1107  0.06  0.95  0.96  0.68  0.50  0.29 
1108  0.06  0.95  0.96  0.68  0.51  0.29 
1109  0.06  0.95  0.95  0.68  0.51  0.29 
1110  0.06  0.95  0.95  0.68  0.51  0.29 
1111  0.06  0.95  0.96  0.68  0.51  0.29 
1112  0.06  0.95  0.96  0.68  0.51  0.29 
1113  0.06  0.95  0.96  0.68  0.51  0.29 
1114  0.06  0.95  0.95  0.68  0.51  0.29 
1115  0.06  0.95  0.95  0.68  0.51  0.29 
1116  0.06  0.95  0.95  0.68  0.51  0.29 
1117  0.06  0.95  0.95  0.67  0.51  0.29 
1118  0.06  0.95  0.95  0.68  0.51  0.29 
1119  0.06  0.95  0.96  0.67  0.50  0.29 
1120  0.06  0.95  0.96  0.67  0.51  0.29 
1121  0.06  0.95  0.95  0.67  0.51  0.29 
1122  0.06  0.95  0.95  0.67  0.50  0.29 
1123  0.06  0.95  0.96  0.68  0.51  0.29 
1124  0.06  0.95  0.95  0.67  0.51  0.29 
1125  0.06  0.95  0.95  0.67  0.51  0.29 
1126  0.06  0.95  0.96  0.68  0.51  0.29 
1127  0.06  0.95  0.95  0.68  0.51  0.29 
1128  0.06  0.95  0.96  0.67  0.51  0.29 
1129  0.06  0.95  0.95  0.68  0.51  0.29 
1130  0.06  0.95  0.95  0.68  0.51  0.29 
1131  0.06  0.95  0.95  0.68  0.51  0.29 
1132  0.06  0.95  0.96  0.68  0.51  0.28 
1133  0.06  0.95  0.95  0.67  0.51  0.29 
1134  0.06  0.95  0.95  0.67  0.51  0.29 
1135  0.06  0.95  0.95  0.67  0.51  0.29 
1136  0.06  0.95  0.95  0.68  0.50  0.29 
1137  0.06  0.95  0.96  0.67  0.50  0.29 
1138  0.06  0.95  0.95  0.68  0.51  0.29 
1139  0.06  0.95  0.95  0.68  0.51  0.29 
1140  0.06  0.95  0.95  0.67  0.51  0.29 
1141  0.06  0.95  0.95  0.68  0.51  0.29 
1142  0.06  0.95  0.95  0.67  0.51  0.29 
1143  0.06  0.94  0.96  0.68  0.51  0.29 
1144  0.06  0.95  0.95  0.67  0.51  0.28 
1145  0.06  0.95  0.95  0.68  0.51  0.29 
1146  0.06  0.95  0.95  0.68  0.51  0.29 
1147  0.06  0.95  0.95  0.67  0.51  0.29 
1148  0.06  0.95  0.95  0.68  0.51  0.29 
1149  0.06  0.95  0.95  0.68  0.50  0.29 
1150  0.06  0.95  0.95  0.67  0.51  0.29 
1151  0.06  0.95  0.95  0.67  0.51  0.29 
1152  0.06  0.95  0.95  0.67  0.51  0.29 
1153  0.06  0.95  0.95  0.67  0.51  0.29 
1154  0.06  0.95  0.95  0.68  0.50  0.29 
1155  0.06  0.95  0.95  0.67  0.50  0.29 
1156  0.06  0.95  0.95  0.68  0.51  0.29 
1157  0.06  0.95  0.95  0.68  0.51  0.29 
1158  0.06  0.95  0.95  0.67  0.51  0.29 
1159  0.06  0.95  0.95  0.68  0.51  0.29 
1160  0.06  0.95  0.95  0.68  0.51  0.29 
1161  0.06  0.95  0.95  0.67  0.50  0.29 
1162  0.06  0.95  0.95  0.67  0.51  0.29 
1163  0.06  0.95  0.95  0.67  0.51  0.29 
1164  0.06  0.95  0.95  0.67  0.51  0.29 
1165  0.06  0.95  0.95  0.67  0.51  0.29 
1166  0.06  0.95  0.95  0.67  0.50  0.29 
1167  0.06  0.95  0.95  0.67  0.50  0.29 
1168  0.06  0.95  0.95  0.67  0.51  0.29 
1169  0.06  0.95  0.95  0.67  0.50  0.29 
1170  0.06  0.95  0.95  0.67  0.51  0.29 
1171  0.06  0.95  0.95  0.67  0.51  0.29 
1172  0.06  0.95  0.95  0.67  0.51  0.29 
1173  0.06  0.95  0.95  0.67  0.51  0.29 
1174  0.06  0.95  0.95  0.68  0.51  0.29 
1175  0.06  0.95  0.95  0.67  0.50  0.29 
1176  0.06  0.95  0.95  0.67  0.51  0.29 
1177  0.06  0.95  0.95  0.67  0.51  0.29 
1178  0.06  0.95  0.95  0.67  0.50  0.29 
1179  0.06  0.95  0.95  0.67  0.50  0.29 
1180  0.06  0.95  0.95  0.67  0.51  0.29 
1181  0.06  0.95  0.95  0.67  0.50  0.29 
1182  0.06  0.95  0.95  0.67  0.51  0.29 
1183  0.06  0.95  0.95  0.67  0.51  0.29 
1184  0.06  0.95  0.95  0.67  0.50  0.29 
1185  0.06  0.95  0.95  0.67  0.50  0.29 
1186  0.06  0.95  0.95  0.67  0.50  0.29 
1187  0.06  0.95  0.95  0.67  0.51  0.29 
1188  0.06  0.95  0.95  0.67  0.50  0.29 
1189  0.06  0.95  0.95  0.67  0.50  0.29 
1190  0.06  0.95  0.95  0.67  0.50  0.29 
1191  0.06  0.95  0.95  0.67  0.50  0.29 
1192  0.06  0.95  0.95  0.67  0.50  0.29 
1193  0.06  0.95  0.95  0.67  0.50  0.29 
1194  0.06  0.95  0.95  0.67  0.51  0.29 
1195  0.06  0.95  0.95  0.67  0.51  0.29 
1196  0.06  0.95  0.95  0.67  0.50  0.29 
1197  0.06  0.95  0.95  0.67  0.50  0.29 
1198  0.06  0.95  0.95  0.67  0.50  0.29 
1199  0.06  0.95  0.95  0.67  0.50  0.29 
1200  0.06  0.95  0.95  0.67  0.50  0.29 
1201  0.06  0.95  0.96  0.67  0.51  0.29 
1202  0.06  0.95  0.95  0.67  0.50  0.29 
1203  0.06  0.95  0.95  0.67  0.50  0.29 
1204  0.06  0.95  0.95  0.67  0.51  0.28 
1205  0.06  0.95  0.95  0.67  0.50  0.28 
1206  0.06  0.95  0.95  0.67  0.50  0.29 
1207  0.06  0.95  0.95  0.67  0.50  0.29 
1208  0.06  0.95  0.95  0.67  0.50  0.29 
1209  0.06  0.95  0.95  0.67  0.50  0.29 
1210  0.06  0.95  0.95  0.67  0.50  0.29 
1211  0.06  0.94  0.95  0.67  0.50  0.29 
1212  0.06  0.95  0.95  0.67  0.50  0.29 
1213  0.06  0.95  0.95  0.67  0.51  0.29 
1214  0.06  0.95  0.95  0.67  0.50  0.29 
1215  0.06  0.95  0.95  0.67  0.50  0.29 
1216  0.06  0.95  0.95  0.67  0.50  0.29 
1217  0.06  0.95  0.95  0.67  0.50  0.29 
1218  0.06  0.95  0.95  0.67  0.50  0.29 
1219  0.06  0.95  0.95  0.67  0.50  0.28 
1220  0.06  0.95  0.95  0.67  0.50  0.29 
1221  0.06  0.95  0.95  0.67  0.50  0.29 
1222  0.06  0.94  0.95  0.67  0.50  0.29 
1223  0.06  0.95  0.95  0.67  0.50  0.29 
1224  0.06  0.95  0.95  0.67  0.50  0.29 
1225  0.06  0.95  0.95  0.67  0.51  0.29 
1226  0.06  0.95  0.95  0.67  0.50  0.29 
1227  0.06  0.95  0.95  0.67  0.50  0.29 
1228  0.06  0.95  0.95  0.67  0.50  0.28 
1229  0.06  0.95  0.95  0.67  0.51  0.28 
1230  0.06  0.95  0.95  0.67  0.50  0.28 
1231  0.06  0.95  0.95  0.67  0.50  0.29 
1232  0.06  0.94  0.95  0.67  0.50  0.29 
1233  0.06  0.94  0.95  0.67  0.50  0.29 
1234  0.06  0.94  0.95  0.67  0.50  0.29 
1235  0.06  0.95  0.95  0.67  0.50  0.28 
1236  0.06  0.95  0.95  0.67  0.50  0.29 
1237  0.06  0.95  0.95  0.67  0.51  0.29 
1238  0.06  0.95  0.95  0.67  0.50  0.29 
1239  0.06  0.94  0.95  0.67  0.50  0.29 
1240  0.06  0.95  0.95  0.67  0.50  0.28 
1241  0.06  0.94  0.95  0.67  0.50  0.28 
1242  0.06  0.94  0.95  0.67  0.50  0.28 
1243  0.06  0.95  0.95  0.67  0.50  0.29 
1244  0.06  0.95  0.95  0.67  0.50  0.28 
1245  0.06  0.95  0.95  0.67  0.50  0.29 
1246  0.06  0.95  0.95  0.67  0.50  0.28 
1247  0.06  0.95  0.95  0.67  0.50  0.28 
1248  0.06  0.95  0.95  0.67  0.50  0.29 
1249  0.06  0.95  0.95  0.67  0.50  0.28 
1250  0.06  0.95  0.95  0.67  0.50  0.29 
1251  0.06  0.94  0.95  0.67  0.50  0.29 
1252  0.06  0.95  0.95  0.67  0.50  0.28 
1253  0.06  0.95  0.95  0.67  0.50  0.28 
1254  0.06  0.94  0.95  0.67  0.50  0.28 
1255  0.06  0.95  0.95  0.67  0.50  0.28 
1256  0.06  0.95  0.95  0.67  0.50  0.28 
1257  0.06  0.95  0.95  0.67  0.50  0.28 
1258  0.06  0.95  0.95  0.67  0.50  0.28 
1259  0.06  0.94  0.95  0.67  0.50  0.29 
1260  0.06  0.94  0.95  0.67  0.50  0.29 
1261  0.06  0.94  0.95  0.67  0.50  0.29 
1262  0.06  0.95  0.95  0.67  0.50  0.29 
1263  0.06  0.95  0.95  0.67  0.50  0.29 
1264  0.06  0.95  0.95  0.67  0.50  0.28 
1265  0.06  0.94  0.95  0.67  0.50  0.28 
1266  0.06  0.95  0.95  0.67  0.50  0.28 
1267  0.06  0.95  0.95  0.67  0.51  0.28 
1268  0.06  0.94  0.95  0.67  0.50  0.28 
1269  0.06  0.95  0.95  0.67  0.50  0.28 
1270  0.06  0.94  0.95  0.67  0.50  0.28 
1271  0.06  0.94  0.95  0.67  0.50  0.29 
1272  0.06  0.94  0.95  0.67  0.53  0.30 
1273  0.06  0.99  1.07  0.72  0.54  0.30 
1274  0.06  1.01  1.01  0.71  0.53  0.31 
1275  0.06  1.01  1.02  0.76  0.57  0.32 
1276  0.06  1.07  1.01  0.71  0.51  0.28 
1277  0.06  0.94  0.95  0.67  0.50  0.28 
1278  0.05  0.94  0.95  0.67  0.51  0.28 
1279  0.06  0.95  0.95  0.67  0.50  0.29 
1280  0.05  0.94  0.95  0.67  0.50  0.28 
1281  0.06  0.95  0.95  0.67  0.50  0.28 
1282  0.05  0.95  0.95  0.67  0.50  0.28 
1283  0.05  0.94  0.95  0.67  0.50  0.28 
1284  0.06  0.95  0.95  0.67  0.50  0.28 
1285  0.06  0.94  0.95  0.67  0.50  0.29 
1286  0.05  0.94  0.95  0.67  0.50  0.29 
1287  0.06  0.94  0.95  0.67  0.50  0.29 
1288  0.06  0.95  0.95  0.67  0.50  0.28 
1289  0.06  0.94  0.95  0.67  0.50  0.28 
1290  0.05  0.95  0.95  0.67  0.50  0.28 
1291  0.06  0.94  0.95  0.67  0.50  0.28 
1292  0.05  0.94  0.95  0.67  0.50  0.29 
1293  0.06  0.94  0.95  0.67  0.50  0.28 
1294  0.06  0.94  0.95  0.67  0.50  0.28 
1295  0.06  0.95  0.95  0.67  0.50  0.28 
1296  0.06  0.94  0.95  0.67  0.50  0.28 
1297  0.06  0.95  0.95  0.67  0.51  0.28 
1298  0.05  0.94  0.95  0.67  0.50  0.29 
1299  0.05  0.94  0.95  0.67  0.50  0.29 
1300  0.06  0.94  0.95  0.67  0.50  0.28 
1301  0.06  0.94  0.95  0.67  0.50  0.28 
1302  0.05  0.94  0.95  0.67  0.50  0.28 
1303  0.06  0.94  0.95  0.67  0.50  0.28 
1304  0.06  0.94  0.95  0.67  0.50  0.28 
1305  0.05  0.94  0.95  0.67  0.50  0.28 
1306  0.06  0.94  0.95  0.67  0.50  0.28 
1307  0.06  0.94  0.95  0.67  0.50  0.28 
1308  0.05  0.94  0.95  0.67  0.50  0.29 
1309  0.05  0.94  0.95  0.67  0.50  0.28 
1310  0.05  0.94  0.95  0.67  0.50  0.29 
1311  0.05  0.95  0.95  0.67  0.49  0.29 
1312  0.05  0.94  0.95  0.67  0.50  0.28 
1313  0.05  0.94  0.95  0.67  0.50  0.28 
1314  0.05  0.95  0.95  0.67  0.50  0.28 
1315  0.05  0.94  0.95  0.67  0.50  0.28 
1316  0.05  0.94  0.95  0.67  0.50  0.28 
1317  0.06  0.94  0.95  0.67  0.50  0.28 
1318  0.05  0.95  0.95  0.67  0.50  0.28 
1319  0.05  0.94  0.94  0.67  0.50  0.28 
1320  0.05  0.94  0.95  0.67  0.50  0.29 
1321  0.05  0.94  0.95  0.67  0.50  0.29 
1322  0.05  0.94  0.95  0.67  0.50  0.29 
1323  0.05  0.94  0.95  0.67  0.50  0.28 
1324  0.05  0.95  0.95  0.67  0.50  0.28 
1325  0.06  0.94  0.95  0.67  0.50  0.28 
1326  0.05  0.94  0.95  0.67  0.50  0.28 
1327  0.05  0.95  0.95  0.67  0.50  0.28 
1328  0.05  0.94  0.95  0.67  0.50  0.28 
1329  0.05  0.94  0.95  0.67  0.50  0.28 
1330  0.05  0.94  0.95  0.67  0.50  0.28 
1331  0.05  0.94  0.95  0.67  0.50  0.28 
1332  0.05  0.94  0.95  0.67  0.50  0.28 
1333  0.05  0.94  0.95  0.67  0.50  0.28 
1334  0.05  0.94  0.95  0.67  0.50  0.28 
1335  0.06  0.94  0.95  0.67  0.50  0.28 
1336  0.05  0.94  0.95  0.67  0.50  0.28 
1337  0.05  0.94  0.95  0.67  0.50  0.28 
1338  0.05  0.94  0.95  0.67  0.50  0.28 
1339  0.05  0.94  0.95  0.67  0.50  0.28 
1340  0.05  0.94  0.94  0.67  0.50  0.28 
1341  0.06  0.94  0.95  0.67  0.50  0.28 
1342  0.06  0.94  0.95  0.67  0.50  0.28 
1343  0.05  0.95  0.95  0.67  0.50  0.28 
1344  0.06  0.94  0.94  0.67  0.50  0.28 
1345  0.05  0.94  0.94  0.67  0.50  0.28 
1346  0.05  0.95  0.95  0.67  0.50  0.28 
1347  0.05  0.94  0.95  0.67  0.50  0.28 
1348  0.05  0.94  0.95  0.67  0.50  0.28 
1349  0.05  0.94  0.95  0.67  0.50  0.28 
1350  0.05  0.94  0.95  0.67  0.50  0.28 
1351  0.05  0.95  0.95  0.67  0.50  0.28 
1352  0.05  0.94  0.95  0.67  0.50  0.28 
1353  0.05  0.94  0.95  0.67  0.50  0.28 
1354  0.05  0.94  0.95  0.67  0.50  0.28 
1355  0.05  0.94  0.95  0.67  0.50  0.28 
1356  0.05  0.94  0.95  0.67  0.50  0.28 
1357  0.05  0.94  0.95  0.67  0.50  0.28 
1358  0.05  0.94  0.94  0.67  0.50  0.28 
1359  0.05  0.94  0.95  0.67  0.50  0.28 
1360  0.05  0.94  0.95  0.67  0.50  0.28 
1361  0.05  0.94  0.95  0.67  0.50  0.28 
1362  0.05  0.94  0.95  0.67  0.50  0.28 
1363  0.05  0.94  0.95  0.67  0.50  0.28 
1364  0.05  0.94  0.95  0.67  0.50  0.28 
1365  0.05  0.94  0.95  0.67  0.50  0.28 
1366  0.05  0.94  0.95  0.67  0.50  0.28 
1367  0.05  0.94  0.95  0.67  0.50  0.28 
1368  0.05  0.94  0.95  0.67  0.50  0.28 
1369  0.05  0.94  0.95  0.67  0.50  0.28 
1370  0.05  0.94  0.95  0.67  0.50  0.28 
1371  0.05  0.94  0.95  0.67  0.49  0.28 
1372  0.05  0.94  0.95  0.67  0.50  0.28 
1373  0.05  0.94  0.95  0.67  0.50  0.28 
1374  0.05  0.94  0.95  0.67  0.50  0.28 
1375  0.05  0.94  0.94  0.67  0.50  0.28 
1376  0.05  0.94  0.95  0.67  0.50  0.28 
1377  0.05  0.94  0.95  0.67  0.50  0.28 
1378  0.05  0.94  0.95  0.67  0.50  0.28 
1379  0.05  0.94  0.95  0.67  0.50  0.28 
1380  0.05  0.94  0.95  0.67  0.50  0.28 
1381  0.05  0.94  0.94  0.67  0.50  0.28 
1382  0.05  0.94  0.94  0.67  0.50  0.28 
1383  0.05  0.94  0.95  0.67  0.50  0.28 
1384  0.05  0.94  0.95  0.67  0.50  0.28 
1385  0.05  0.94  0.95  0.67  0.50  0.28 
1386  0.05  0.94  0.95  0.67  0.50  0.28 
1387  0.05  0.94  0.95  0.66  0.50  0.28 
1388  0.05  0.94  0.95  0.67  0.50  0.28 
1389  0.05  0.94  0.95  0.67  0.50  0.28 
1390  0.05  0.94  0.95  0.67  0.50  0.28 
1391  0.05  0.94  0.94  0.66  0.50  0.28 
1392  0.05  0.94  0.95  0.67  0.50  0.28 
1393  0.05  0.94  0.95  0.67  0.50  0.28 
1394  0.05  0.94  0.94  0.67  0.50  0.28 
1395  0.05  0.94  0.95  0.67  0.50  0.28 
1396  0.05  0.94  0.95  0.67  0.50  0.28 
1397  0.05  0.94  0.95  0.67  0.50  0.28 
1398  0.05  0.94  0.95  0.67  0.50  0.28 
1399  0.05  0.94  0.95  0.67  0.50  0.28 
1400  0.05  0.94  0.95  0.67  0.50  0.28 
1401  0.05  0.94  0.95  0.67  0.50  0.28 
1402  0.05  0.94  0.95  0.67  0.50  0.28 
1403  0.05  0.94  0.95  0.67  0.50  0.28 
1404  0.05  0.94  0.95  0.67  0.50  0.28 
1405  0.05  0.94  0.95  0.67  0.50  0.28 
1406  0.05  0.94  0.95  0.67  0.50  0.28 
1407  0.05  0.94  0.95  0.67  0.50  0.28 
1408  0.05  0.94  0.95  0.67  0.50  0.28 
1409  0.05  0.94  0.95  0.67  0.50  0.28 
1410  0.05  0.94  0.95  0.67  0.50  0.28 
1411  0.05  0.94  0.95  0.67  0.50  0.28 
1412  0.05  0.94  0.95  0.67  0.50  0.28 
1413  0.05  0.94  0.95  0.67  0.50  0.28 
1414  0.05  0.94  0.94  0.67  0.50  0.28 
1415  0.05  0.94  0.95  0.67  0.50  0.28 
1416  0.05  0.94  0.95  0.67  0.50  0.28 
1417  0.05  0.94  0.95  0.67  0.50  0.28 
1418  0.05  0.94  0.94  0.67  0.50  0.28 
1419  0.05  0.94  0.95  0.67  0.50  0.28 
1420  0.05  0.94  0.95  0.67  0.50  0.28 
1421  0.05  0.94  0.95  0.67  0.50  0.28 
1422  0.05  0.94  0.95  0.67  0.50  0.28 
1423  0.05  0.94  0.95  0.67  0.50  0.28 
1424  0.05  0.94  0.95  0.67  0.50  0.28 
1425  0.05  0.94  0.94  0.67  0.50  0.28 
1426  0.05  0.94  0.95  0.67  0.50  0.28 
1427  0.06  0.94  0.95  0.67  0.50  0.28 
1428  0.05  0.94  0.95  0.67  0.50  0.28 
1429  0.05  0.94  0.95  0.67  0.50  0.28 
1430  0.05  0.94  0.95  0.67  0.50  0.28 
1431  0.06  0.94  0.95  0.67  0.50  0.28 
1432  0.05  0.94  0.95  0.67  0.50  0.28 
1433  0.05  0.94  0.95  0.67  0.50  0.28 
1434  0.05  0.94  0.94  0.66  0.50  0.28 
1435  0.05  0.94  0.95  0.67  0.50  0.28 
1436  0.05  0.94  0.95  0.67  0.50  0.28 
1437  0.05  0.94  0.95  0.67  0.50  0.28 
1438  0.05  0.94  0.94  0.67  0.50  0.28 
1439  0.05  0.94  0.95  0.67  0.50  0.28 
1440  0.05  0.94  0.95  0.67  0.50  0.28 
1441  0.05  0.94  0.95  0.67  0.50  0.28 
1442  0.05  0.94  0.94  0.67  0.50  0.28 
1443  0.05  0.94  0.95  0.67  0.50  0.28 
1444  0.06  0.94  0.95  0.67  0.50  0.28 
1445  0.05  0.94  0.94  0.67  0.50  0.28 
1446  0.05  0.94  0.95  0.66  0.50  0.28 
1447  0.05  0.94  0.94  0.67  0.50  0.28 
1448  0.05  0.94  0.94  0.67  0.50  0.28 
1449  0.05  0.94  0.95  0.67  0.50  0.28 
1450  0.05  0.94  0.95  0.67  0.50  0.28 
1451  0.05  0.94  0.94  0.67  0.50  0.28 
1452  0.05  0.94  0.94  0.67  0.50  0.28 
1453  0.05  0.94  0.95  0.67  0.50  0.28 
1454  0.05  0.94  0.95  0.67  0.50  0.28 
1455  0.05  0.94  0.95  0.67  0.50  0.28 
1456  0.05  0.94  0.94  0.67  0.50  0.28 
1457  0.05  0.94  0.95  0.67  0.50  0.28 
1458  0.05  0.94  0.95  0.67  0.50  0.28 
1459  0.05  0.94  0.94  0.67  0.50  0.28 
1460  0.05  0.94  0.94  0.67  0.50  0.28 
1461  0.05  0.94  0.94  0.67  0.50  0.28 
1462  0.05  0.94  0.95  0.67  0.50  0.28 
1463  0.05  0.94  0.94  0.67  0.50  0.28 
1464  0.05  0.94  0.94  0.67  0.50  0.28 
1465  0.05  0.94  0.94  0.66  0.50  0.28 
1466  0.05  0.94  0.95  0.67  0.49  0.28 
1467  0.05  0.94  0.94  0.66  0.50  0.28 
1468  0.05  0.94  0.95  0.66  0.50  0.28 
1469  0.05  0.94  0.94  0.67  0.50  0.28 
1470  0.05  0.94  0.94  0.66  0.50  0.28 
1471  0.05  0.94  0.94  0.66  0.50  0.28 
1472  0.05  0.94  0.94  0.67  0.50  0.28 
1473  0.05  0.94  0.94  0.66  0.50  0.28 
1474  0.05  0.94  0.95  0.67  0.50  0.28 
1475  0.05  0.94  0.94  0.66  0.50  0.28 
1476  0.05  0.94  0.95  0.67  0.50  0.28 
1477  0.05  0.94  0.95  0.67  0.50  0.28 
1478  0.05  0.94  0.94  0.67  0.50  0.28 
1479  0.05  0.94  0.94  0.67  0.50  0.28 
1480  0.05  0.94  0.94  0.67  0.50  0.28 
1481  0.05  0.94  0.94  0.67  0.50  0.28 
1482  0.05  0.94  0.95  0.66  0.50  0.28 
1483  0.05  0.94  0.95  0.66  0.50  0.28 
1484  0.05  0.94  0.94  0.66  0.49  0.28 
1485  0.05  0.94  0.94  0.67  0.49  0.28 
1486  0.05  0.94  0.94  0.67  0.50  0.28 
1487  0.05  0.94  0.94  0.66  0.50  0.28 
1488  0.05  0.94  0.95  0.67  0.50  0.28 
1489  0.05  0.94  0.95  0.67  0.50  0.28 
1490  0.05  0.94  0.94  0.67  0.50  0.28 
1491  0.05  0.94  0.95  0.66  0.49  0.28 
1492  0.05  0.94  0.94  0.66  0.50  0.28 
1493  0.05  0.94  0.94  0.67  0.50  0.28 
1494  0.05  0.94  0.94  0.66  0.50  0.28 
1495  0.05  0.94  0.94  0.67  0.50  0.28 
1496  0.05  0.94  0.94  0.66  0.50  0.28 
1497  0.05  0.94  0.95  0.67  0.49  0.28 
1498  0.05  0.94  0.94  0.67  0.50  0.28 
1499  0.05  0.94  0.94  0.66  0.50  0.28 
1500  0.05  0.94  0.94  0.67  0.50  0.28 
1501  0.05  0.94  0.94  0.67  0.49  0.28 
1502  0.05  0.94  0.94  0.66  0.49  0.28 
1503  0.05  0.94  0.94  0.67  0.50  0.28 
1504  0.05  0.94  0.94  0.67  0.50  0.28 
1505  0.05  0.94  0.94  0.67  0.50  0.28 
1506  0.05  0.94  0.94  0.67  0.50  0.28 
1507  0.05  0.94  0.94  0.67  0.50  0.28 
1508  0.05  0.94  0.95  0.67  0.50  0.28 
1509  0.05  0.94  0.94  0.67  0.50  0.28 
1510  0.05  0.94  0.95  0.67  0.50  0.28 
1511  0.05  0.94  0.94  0.67  0.50  0.28 
1512  0.05  0.94  0.94  0.67  0.49  0.28 
1513  0.05  0.94  0.95  0.66  0.50  0.28 
1514  0.05  0.94  0.94  0.67  0.49  0.28 
1515  0.05  0.94  0.94  0.67  0.50  0.28 
1516  0.05  0.94  0.95  0.67  0.50  0.28 
1517  0.05  0.94  0.94  0.67  0.50  0.28 
1518  0.05  0.94  0.94  0.66  0.50  0.28 
1519  0.05  0.94  0.95  0.67  0.49  0.28 
1520  0.05  0.94  0.95  0.67  0.49  0.28 
1521  0.05  0.94  0.94  0.67  0.50  0.28 
1522  0.05  0.94  0.95  0.67  0.50  0.28 
1523  0.05  0.94  0.94  0.67  0.50  0.28 
1524  0.05  0.94  0.94  0.67  0.50  0.28 
1525  0.05  0.94  0.94  0.67  0.50  0.28 
1526  0.05  0.94  0.94  0.67  0.50  0.28 
1527  0.05  0.94  0.94  0.67  0.50  0.28 
1528  0.05  0.94  0.95  0.66  0.50  0.28 
1529  0.05  0.94  0.95  0.67  0.50  0.27 
1530  0.05  0.94  0.95  0.67  0.50  0.28 
1531  0.05  0.94  0.94  0.66  0.50  0.28 
1532  0.05  0.94  0.95  0.67  0.49  0.28 
1533  0.05  0.94  0.95  0.66  0.50  0.28 
1534  0.05  0.94  0.94  0.67  0.50  0.28 
1535  0.05  0.94  0.94  0.67  0.50  0.28 
1536  0.05  0.94  0.94  0.66  0.49  0.28 
1537  0.05  0.94  0.94  0.67  0.50  0.28 
1538  0.05  0.94  0.94  0.67  0.50  0.28 
1539  0.05  0.94  0.94  0.67  0.50  0.28 
1540  0.05  0.94  0.94  0.67  0.50  0.27 
1541  0.05  0.94  0.94  0.67  0.50  0.28 
1542  0.05  0.94  0.94  0.66  0.50  0.28 
1543  0.05  0.94  0.94  0.67  0.50  0.28 
1544  0.05  0.94  0.94  0.67  0.49  0.28 
1545  0.05  0.94  0.94  0.67  0.49  0.28 
1546  0.05  0.94  0.94  0.67  0.50  0.28 
1547  0.05  0.94  0.94  0.67  0.50  0.28 
1548  0.05  0.94  0.95  0.66  0.50  0.28 
1549  0.05  0.94  0.94  0.67  0.50  0.28 
1550  0.05  0.94  0.94  0.67  0.49  0.28 
1551  0.05  0.94  0.94  0.66  0.49  0.28 
1552  0.05  0.94  0.95  0.67  0.50  0.28 
1553  0.05  0.94  0.94  0.67  0.49  0.28 
1554  0.05  0.94  0.94  0.67  0.50  0.28 
1555  0.05  0.94  0.94  0.67  0.50  0.28 
1556  0.05  0.94  0.94  0.66  0.50  0.28 
1557  0.05  0.94  0.94  0.66  0.50  0.28 
1558  0.05  0.94  0.94  0.66  0.50  0.28 
1559  0.05  0.94  0.94  0.67  0.49  0.28 
1560  0.05  0.94  0.94  0.66  0.50  0.28 
1561  0.05  0.94  0.94  0.66  0.50  0.28 
1562  0.05  0.94  0.94  0.66  0.50  0.28 
1563  0.05  0.94  0.94  0.66  0.49  0.28 
1564  0.05  0.94  0.94  0.66  0.49  0.27 
1565  0.05  0.94  0.94  0.66  0.50  0.27 
1566  0.05  0.94  0.94  0.66  0.50  0.28 
1567  0.05  0.94  0.94  0.66  0.50  0.28 
1568  0.05  0.94  0.94  0.67  0.50  0.28 
1569  0.05  0.94  0.94  0.66  0.50  0.28 
1570  0.05  0.94  0.94  0.66  0.50  0.28 
1571  0.05  0.94  0.94  0.66  0.49  0.28 
1572  0.05  0.94  0.94  0.66  0.49  0.28 
1573  0.05  0.94  0.94  0.66  0.50  0.28 
1574  0.05  0.94  0.94  0.66  0.49  0.28 
1575  0.05  0.94  0.94  0.66  0.49  0.28 
1576  0.05  0.94  0.94  0.66  0.50  0.28 
1577  0.05  0.94  0.94  0.66  0.50  0.28 
1578  0.05  0.94  0.94  0.66  0.50  0.27 
1579  0.05  0.94  0.94  0.66  0.50  0.28 
1580  0.05  0.94  0.94  0.66  0.49  0.28 
1581  0.05  0.94  0.94  0.67  0.49  0.28 
1582  0.05  0.94  0.94  0.66  0.50  0.28 
1583  0.05  0.94  0.94  0.66  0.49  0.28 
1584  0.05  0.94  0.95  0.66  0.49  0.28 
1585  0.05  0.94  0.95  0.66  0.50  0.28 
1586  0.05  0.94  0.94  0.66  0.49  0.28 
1587  0.05  0.94  0.94  0.66  0.49  0.28 
1588  0.05  0.94  0.94  0.66  0.50  0.28 
1589  0.05  0.94  0.94  0.67  0.49  0.28 
1590  0.05  0.94  0.94  0.66  0.50  0.28 
1591  0.05  0.94  0.94  0.66  0.50  0.28 
1592  0.05  0.94  0.94  0.66  0.49  0.28 
1593  0.05  0.94  0.94  0.66  0.50  0.28 
1594  0.05  0.94  0.94  0.66  0.49  0.28 
1595  0.05  0.94  0.94  0.66  0.50  0.28 
1596  0.05  0.94  0.94  0.67  0.49  0.28 
1597  0.05  0.94  0.94  0.66  0.50  0.27 
1598  0.05  0.94  0.94  0.66  0.49  0.28 
1599  0.05  0.94  0.94  0.66  0.49  0.28 
1600  0.05  0.94  0.94  0.66  0.49  0.28 
1601  0.05  0.94  0.94  0.66  0.49  0.28 
1602  0.05  0.94  0.94  0.67  0.50  0.28 
1603  0.05  0.94  0.94  0.67  0.50  0.28 
1604  0.05  0.94  0.94  0.66  0.49  0.28 
1605  0.05  0.94  0.94  0.66  0.49  0.28 
1606  0.05  0.94  0.94  0.67  0.50  0.28 
1607  0.05  0.94  0.94  0.66  0.50  0.28 
1608  0.05  0.94  0.94  0.67  0.49  0.28 
1609  0.05  0.94  0.94  0.67  0.50  0.28 
1610  0.05  0.94  0.94  0.67  0.49  0.28 
1611  0.05  0.94  0.94  0.66  0.49  0.28 
1612  0.05  0.94  0.94  0.66  0.49  0.27 
1613  0.05  0.94  0.94  0.67  0.50  0.27 
1614  0.05  0.94  0.94  0.66  0.50  0.28 
1615  0.05  0.94  0.94  0.66  0.50  0.28 
1616  0.05  0.94  0.94  0.66  0.49  0.28 
1617  0.05  0.94  0.94  0.66  0.49  0.28 
1618  0.05  0.94  0.94  0.66  0.50  0.28 
1619  0.05  0.94  0.94  0.66  0.49  0.28 
1620  0.05  0.94  0.94  0.66  0.49  0.28 
1621  0.05  0.94  0.94  0.67  0.49  0.28 
1622  0.05  0.94  0.94  0.66  0.49  0.28 
1623  0.05  0.93  0.94  0.67  0.49  0.28 
1624  0.05  0.94  0.94  0.67  0.50  0.28 
1625  0.05  0.94  0.94  0.66  0.49  0.28 
1626  0.05  0.94  0.94  0.66  0.49  0.27 
1627  0.05  0.94  0.94  0.66  0.50  0.27 
1628  0.05  0.94  0.94  0.66  0.49  0.28 
1629  0.05  0.94  0.94  0.66  0.50  0.28 
1630  0.05  0.94  0.94  0.66  0.49  0.28 
1631  0.05  0.94  0.94  0.66  0.50  0.28 
1632  0.05  0.94  0.94  0.66  0.49  0.28 
1633  0.05  0.94  0.94  0.67  0.50  0.28 
1634  0.05  0.94  0.94  0.66  0.49  0.28 
1635  0.05  0.94  0.94  0.66  0.49  0.28 
1636  0.05  0.94  0.94  0.66  0.49  0.27 
1637  0.05  0.94  0.94  0.66  0.49  0.27 
1638  0.05  0.94  0.94  0.66  0.50  0.27 
1639  0.05  0.94  0.95  0.66  0.50  0.28 
1640  0.05  0.94  0.94  0.66  0.49  0.28 
1641  0.05  0.94  0.94  0.66  0.49  0.28 
1642  0.05  0.93  0.94  0.66  0.50  0.28 
1643  0.05  0.94  0.94  0.66  0.49  0.28 
1644  0.05  0.94  0.94  0.66  0.49  0.28 
1645  0.05  0.94  0.94  0.66  0.50  0.28 
1646  0.05  0.94  0.94  0.66  0.50  0.28 
1647  0.05  0.94  0.94  0.66  0.49  0.28 
1648  0.05  0.94  0.94  0.66  0.50  0.27 
1649  0.05  0.94  0.94  0.66  0.49  0.27 
1650  0.05  0.94  0.94  0.66  0.50  0.27 
1651  0.05  0.94  0.94  0.66  0.50  0.28 
1652  0.05  0.94  0.94  0.66  0.49  0.28 
1653  0.05  0.93  0.94  0.66  0.49  0.28 
1654  0.05  0.94  0.94  0.66  0.50  0.28 
1655  0.05  0.94  0.94  0.66  0.49  0.28 
1656  0.05  0.94  0.94  0.66  0.49  0.28 
1657  0.05  0.94  0.94  0.66  0.49  0.28 
1658  0.05  0.94  0.94  0.66  0.49  0.28 
1659  0.05  0.94  0.94  0.66  0.49  0.28 
1660  0.05  0.94  0.94  0.66  0.49  0.27 
1661  0.05  0.94  0.94  0.66  0.49  0.27 
1662  0.05  0.94  0.94  0.66  0.50  0.27 
1663  0.05  0.93  0.94  0.66  0.49  0.27 
1664  0.05  0.94  0.94  0.66  0.49  0.28 
1665  0.05  0.94  0.94  0.66  0.49  0.28 
1666  0.05  0.94  0.94  0.66  0.49  0.28 
1667  0.05  0.94  0.94  0.66  0.49  0.28 
1668  0.05  0.94  0.94  0.66  0.50  0.28 
1669  0.05  0.94  0.94  0.66  0.50  0.28 
1670  0.05  0.93  0.94  0.66  0.49  0.28 
1671  0.05  0.94  0.94  0.66  0.49  0.28 
1672  0.05  0.94  0.94  0.66  0.49  0.27 
1673  0.05  0.94  0.94  0.66  0.49  0.27 
1674  0.05  0.94  0.94  0.66  0.49  0.27 
1675  0.05  0.94  0.94  0.66  0.49  0.27 
1676  0.05  0.94  0.94  0.66  0.49  0.28 
1677  0.05  0.94  0.94  0.66  0.49  0.27 
1678  0.05  0.94  0.94  0.66  0.49  0.28 
1679  0.05  0.94  0.94  0.66  0.49  0.27 
1680  0.05  0.94  0.94  0.66  0.49  0.28 
1681  0.05  0.94  0.94  0.66  0.50  0.28 
1682  0.05  0.94  0.94  0.66  0.49  0.28 
1683  0.05  0.94  0.94  0.66  0.49  0.28 
1684  0.05  0.93  0.94  0.66  0.49  0.27 
1685  0.05  0.94  0.94  0.66  0.49  0.27 
1686  0.05  0.94  0.94  0.66  0.49  0.28 
1687  0.05  0.93  0.94  0.66  0.49  0.27 
1688  0.05  0.94  0.94  0.66  0.49  0.27 
1689  0.05  0.93  0.94  0.66  0.49  0.28 
1690  0.05  0.94  0.94  0.66  0.49  0.27 
1691  0.05  0.94  0.94  0.66  0.49  0.27 
1692  0.05  0.94  0.94  0.66  0.49  0.28 
1693  0.05  0.94  0.94  0.66  0.50  0.28 
1694  0.05  0.94  0.94  0.66  0.49  0.28 
1695  0.05  0.94  0.94  0.66  0.49  0.28 
1696  0.05  0.94  0.94  0.66  0.49  0.27 
1697  0.05  0.93  0.94  0.66  0.49  0.27 
1698  0.05  0.94  0.94  0.66  0.49  0.28 
1699  0.05  0.94  0.94  0.66  0.50  0.27 
1700  0.05  0.94  0.94  0.66  0.49  0.27 
1701  0.05  0.93  0.94  0.66  0.49  0.27 
1702  0.05  0.94  0.94  0.66  0.49  0.28 
1703  0.05  0.94  0.94  0.66  0.49  0.28 
1704  0.05  0.94  0.94  0.66  0.49  0.28 
1705  0.05  0.94  0.94  0.66  0.49  0.28 
1706  0.05  0.93  0.94  0.66  0.49  0.28 
1707  0.05  0.94  0.94  0.66  0.49  0.28 
1708  0.05  0.94  0.94  0.66  0.49  0.27 
1709  0.05  0.93  0.94  0.66  0.49  0.27 
1710  0.05  0.94  0.94  0.66  0.49  0.27 
1711  0.05  0.94  0.94  0.66  0.49  0.27 
1712  0.05  0.93  0.94  0.66  0.49  0.27 
1713  0.05  0.94  0.94  0.66  0.49  0.27 
1714  0.05  0.94  0.94  0.66  0.49  0.27 
1715  0.05  0.94  0.94  0.66  0.49  0.28 
1716  0.05  0.94  0.94  0.66  0.50  0.28 
1717  0.05  0.94  0.94  0.66  0.50  0.27 
1718  0.05  0.94  0.94  0.66  0.49  0.28 
1719  0.05  0.94  0.94  0.66  0.49  0.27 
1720  0.05  0.93  0.94  0.66  0.49  0.27 
1721  0.05  0.94  0.94  0.66  0.49  0.27 
1722  0.05  0.94  0.94  0.66  0.49  0.27 
1723  0.05  0.93  0.94  0.66  0.49  0.27 
1724  0.05  0.94  0.94  0.66  0.49  0.27 
1725  0.05  0.94  0.94  0.66  0.49  0.27 
1726  0.05  0.94  0.94  0.66  0.49  0.27 
1727  0.05  0.94  0.94  0.66  0.49  0.28 
1728  0.05  0.93  0.94  0.66  0.49  0.27 
1729  0.05  0.94  0.94  0.66  0.50  0.28 
1730  0.05  0.94  0.94  0.66  0.49  0.28 
1731  0.05  0.94  0.94  0.66  0.49  0.28 
1732  0.05  0.94  0.94  0.66  0.49  0.27 
1733  0.05  0.94  0.94  0.66  0.49  0.27 
1734  0.05  0.94  0.94  0.66  0.49  0.27 
1735  0.05  0.94  0.94  0.66  0.50  0.27 
1736  0.05  0.94  0.94  0.66  0.49  0.27 
1737  0.05  0.94  0.94  0.66  0.49  0.27 
1738  0.05  0.93  0.94  0.66  0.49  0.27 
1739  0.05  0.93  0.94  0.66  0.49  0.28 
1740  0.04  0.93  0.94  0.66  0.49  0.27 
1741  0.05  0.94  0.94  0.66  0.49  0.27 
1742  0.05  0.94  0.94  0.66  0.49  0.28 
1743  0.05  0.94  0.94  0.66  0.49  0.27 
1744  0.05  0.94  0.94  0.66  0.49  0.27 
1745  0.05  0.93  0.94  0.66  0.49  0.27 
1746  0.05  0.94  0.94  0.66  0.49  0.27 
1747  0.05  0.94  0.94  0.66  0.50  0.27 
1748  0.05  0.94  0.94  0.66  0.49  0.27 
1749  0.05  0.93  0.94  0.66  0.49  0.27 
1750  0.05  0.93  0.94  0.66  0.49  0.27 
1751  0.05  0.93  0.94  0.66  0.49  0.28 
1752  0.04  0.94  0.94  0.66  0.49  0.27 
1753  0.05  0.94  0.94  0.66  0.50  0.27 
1754  0.05  0.94  0.94  0.66  0.49  0.28 
1755  0.05  0.94  0.94  0.66  0.49  0.27 
1756  0.05  0.94  0.94  0.66  0.49  0.27 
1757  0.05  0.93  0.94  0.66  0.49  0.27 
1758  0.05  0.93  0.94  0.66  0.49  0.27 
1759  0.05  0.94  0.94  0.66  0.50  0.27 
1760  0.05  0.94  0.94  0.66  0.49  0.27 
1761  0.05  0.94  0.94  0.66  0.49  0.27 
1762  0.05  0.94  0.94  0.66  0.49  0.27 
1763  0.05  0.94  0.94  0.66  0.49  0.27 
1764  0.05  0.94  0.94  0.66  0.49  0.27 
1765  0.05  0.93  0.94  0.66  0.49  0.27 
1766  0.05  0.94  0.94  0.66  0.49  0.27 
1767  0.05  0.94  0.94  0.66  0.49  0.27 
1768  0.05  0.94  0.94  0.66  0.49  0.27 
1769  0.05  0.93  0.94  0.66  0.49  0.27 
1770  0.05  0.94  0.94  0.66  0.49  0.27 
1771  0.05  0.93  0.94  0.66  0.50  0.27 
1772  0.05  0.94  0.94  0.66  0.49  0.27 
1773  0.05  0.94  0.94  0.66  0.49  0.27 
1774  0.05  0.94  0.94  0.66  0.49  0.27 
1775  0.05  0.94  0.94  0.66  0.49  0.27 
1776  0.05  0.94  0.94  0.66  0.49  0.27 
1777  0.05  0.94  0.94  0.66  0.49  0.27 
1778  0.05  0.94  0.94  0.66  0.49  0.28 
1779  0.05  0.93  0.94  0.66  0.49  0.27 
1780  0.04  0.93  0.94  0.66  0.49  0.27 
1781  0.04  0.94  0.94  0.66  0.49  0.27 
1782  0.05  0.93  0.94  0.66  0.49  0.27 
1783  0.05  0.94  0.94  0.66  0.49  0.27 
1784  0.05  0.94  0.94  0.66  0.49  0.27 
1785  0.04  0.94  0.94  0.66  0.49  0.27 
1786  0.05  0.94  0.94  0.66  0.49  0.27 
1787  0.05  0.94  0.94  0.66  0.49  0.27 
1788  0.05  0.94  0.94  0.66  0.49  0.27 
1789  0.05  0.93  0.94  0.66  0.49  0.27 
1790  0.05  0.93  0.94  0.66  0.49  0.27 
1791  0.05  0.93  0.94  0.66  0.49  0.27 
1792  0.04  0.93  0.94  0.66  0.49  0.27 
1793  0.05  0.93  0.94  0.66  0.49  0.27 
1794  0.05  0.93  0.94  0.66  0.49  0.27 
1795  0.05  0.93  0.94  0.66  0.49  0.27 
1796  0.05  0.93  0.94  0.66  0.49  0.27 
1797  0.05  0.93  0.94  0.66  0.49  0.27 
1798  0.05  0.94  0.94  0.66  0.49  0.27 
1799  0.05  0.93  0.94  0.66  0.49  0.27 
1800  0.04  0.94  0.94  0.66  0.49  0.27 
1801  0.05  0.94  0.94  0.66  0.49  0.28 
1802  0.05  0.93  0.94  0.66  0.49  0.27 
1803  0.05  0.94  0.94  0.66  0.49  0.28 
1804  0.05  0.93  0.94  0.66  0.49  0.27 
1805  0.05  0.93  0.94  0.66  0.49  0.27 
1806  0.04  0.93  0.94  0.66  0.49  0.27 
1807  0.05  0.93  0.94  0.66  0.49  0.27 
1808  0.05  0.93  0.94  0.66  0.49  0.27 
1809  0.05  0.93  0.94  0.66  0.49  0.27 
1810  0.04  0.94  0.94  0.66  0.49  0.27 
1811  0.04  0.93  0.94  0.66  0.49  0.27 
1812  0.05  0.93  0.94  0.66  0.49  0.27 
1813  0.05  0.93  0.94  0.66  0.49  0.27 
1814  0.05  0.94  0.94  0.66  0.49  0.27 
1815  0.05  0.93  0.94  0.66  0.49  0.27 
1816  0.05  0.93  0.94  0.66  0.49  0.27 
1817  0.05  0.93  0.94  0.66  0.49  0.27 
1818  0.05  0.94  0.94  0.66  0.49  0.27 
1819  0.05  0.94  0.94  0.66  0.49  0.27 
1820  0.05  0.93  0.94  0.66  0.49  0.27 
1821  0.05  0.93  0.94  0.66  0.49  0.27 
1822  0.05  0.93  0.94  0.66  0.49  0.27 
1823  0.04  0.94  0.94  0.66  0.49  0.27 
1824  0.05  0.94  0.94  0.66  0.49  0.27 
1825  0.05  0.94  0.94  0.66  0.49  0.27 
1826  0.05  0.93  0.94  0.66  0.49  0.27 
1827  0.04  0.94  0.94  0.66  0.49  0.27 
1828  0.05  0.93  0.94  0.66  0.49  0.27 
1829  0.05  0.93  0.94  0.66  0.49  0.27 
1830  0.05  0.94  0.94  0.66  0.49  0.27 
1831  0.04  0.94  0.94  0.66  0.49  0.27 
1832  0.04  0.93  0.94  0.66  0.49  0.27 
1833  0.05  0.93  0.94  0.66  0.49  0.27 
1834  0.04  0.94  0.94  0.66  0.49  0.27 
1835  0.05  0.93  0.94  0.66  0.49  0.27 
1836  0.04  0.93  0.94  0.66  0.49  0.27 
1837  0.05  0.94  0.94  0.66  0.49  0.27 
1838  0.04  0.93  0.94  0.66  0.49  0.27 
1839  0.05  0.93  0.94  0.66  0.49  0.27 
1840  0.04  0.93  0.94  0.66  0.49  0.27 
1841  0.04  0.93  0.94  0.66  0.49  0.27 
1842  0.05  0.93  0.94  0.66  0.49  0.27 
1843  0.04  0.93  0.94  0.66  0.49  0.27 
1844  0.04  0.93  0.94  0.66  0.49  0.27 
1845  0.05  0.93  0.94  0.66  0.49  0.27 
1846  0.04  0.93  0.94  0.66  0.49  0.27 
1847  0.04  0.93  0.94  0.66  0.49  0.27 
1848  0.05  0.94  0.94  0.66  0.49  0.27 
1849  0.05  0.93  0.94  0.66  0.50  0.27 
1850  0.04  0.93  0.94  0.66  0.49  0.27 
1851  0.04  0.94  0.94  0.66  0.49  0.27 
1852  0.05  0.94  0.94  0.66  0.49  0.27 
1853  0.04  0.93  0.94  0.66  0.49  0.27 
1854  0.04  0.94  0.94  0.66  0.49  0.27 
1855  0.05  0.93  0.94  0.66  0.49  0.27 
1856  0.04  0.93  0.94  0.66  0.49  0.27 
1857  0.05  0.93  0.94  0.66  0.49  0.27 
1858  0.04  0.93  0.94  0.66  0.49  0.27 
1859  0.04  0.93  0.94  0.66  0.49  0.27 
1860  0.05  0.93  0.94  0.66  0.49  0.27 
1861  0.04  0.93  0.94  0.66  0.49  0.27 
1862  0.04  0.93  0.94  0.66  0.49  0.27 
1863  0.05  0.93  0.94  0.66  0.49  0.27 
1864  0.04  0.93  0.94  0.66  0.49  0.27 
1865  0.04  0.93  0.94  0.66  0.49  0.27 
1866  0.04  0.93  0.94  0.66  0.49  0.27 
1867  0.04  0.94  0.94  0.66  0.49  0.27 
1868  0.04  0.93  0.94  0.66  0.49  0.27 
1869  0.04  0.93  0.94  0.66  0.49  0.27 
1870  0.04  0.93  0.94  0.66  0.49  0.27 
1871  0.04  0.94  0.94  0.66  0.49  0.27 
1872  0.04  0.93  0.94  0.66  0.49  0.27 
1873  0.04  0.93  0.94  0.66  0.49  0.27 
1874  0.04  0.93  0.94  0.66  0.49  0.27 
1875  0.04  0.93  0.94  0.66  0.49  0.27 
1876  0.04  0.93  0.94  0.66  0.49  0.27 
1877  0.04  0.93  0.94  0.66  0.49  0.27 
1878  0.04  0.94  0.94  0.66  0.49  0.27 
1879  0.04  0.94  0.94  0.66  0.49  0.27 
1880  0.04  0.93  0.94  0.66  0.49  0.27 
1881  0.04  0.93  0.94  0.66  0.49  0.27 
1882  0.04  0.93  0.94  0.66  0.49  0.27 
1883  0.04  0.93  0.93  0.66  0.49  0.27 
1884  0.04  0.93  0.94  0.66  0.49  0.27 
1885  0.04  0.93  0.94  0.66  0.49  0.27 
1886  0.04  0.93  0.94  0.66  0.49  0.27 
1887  0.04  0.93  0.94  0.66  0.49  0.27 
1888  0.04  0.93  0.94  0.66  0.49  0.27 
1889  0.04  0.93  0.94  0.66  0.49  0.27 
1890  0.04  0.93  0.94  0.66  0.49  0.27 
1891  0.04  0.93  0.94  0.66  0.49  0.27 
1892  0.04  0.93  0.94  0.66  0.49  0.27 
1893  0.04  0.93  0.94  0.66  0.49  0.27 
1894  0.04  0.93  0.94  0.66  0.49  0.27 
1895  0.04  0.93  0.94  0.66  0.49  0.27 
1896  0.04  0.93  0.94  0.66  0.49  0.27 
1897  0.04  0.93  0.94  0.66  0.49  0.27 
1898  0.04  0.94  0.94  0.66  0.49  0.27 
1899  0.04  0.93  0.93  0.66  0.49  0.27 
1900  0.04  0.93  0.94  0.66  0.49  0.27 
1901  0.04  0.93  0.94  0.66  0.49  0.27 
1902  0.04  0.93  0.94  0.66  0.49  0.27 
1903  0.05  0.93  0.94  0.66  0.49  0.27 
1904  0.04  0.93  0.94  0.66  0.49  0.27 
1905  0.04  0.93  0.94  0.66  0.49  0.27 
1906  0.04  0.93  0.94  0.66  0.49  0.27 
1907  0.04  0.93  0.94  0.66  0.49  0.27 
1908  0.04  0.93  0.94  0.66  0.49  0.27 
1909  0.04  0.93  0.94  0.66  0.49  0.27 
1910  0.04  0.93  0.94  0.66  0.49  0.27 
1911  0.04  0.93  0.94  0.66  0.49  0.27 
1912  0.04  0.93  0.94  0.66  0.49  0.27 
1913  0.04  0.93  0.94  0.66  0.49  0.27 
1914  0.04  0.93  0.94  0.66  0.49  0.27 
1915  0.04  0.93  0.94  0.66  0.49  0.27 
1916  0.04  0.93  0.94  0.66  0.49  0.27 
1917  0.04  0.93  0.94  0.66  0.49  0.27 
1918  0.04  0.93  0.94  0.66  0.49  0.27 
1919  0.04  0.93  0.94  0.66  0.49  0.27 
1920  0.04  0.93  0.94  0.66  0.49  0.27 
1921  0.04  0.93  0.94  0.66  0.49  0.27 
1922  0.04  0.93  0.94  0.66  0.49  0.27 
1923  0.04  0.93  0.94  0.66  0.49  0.27 
1924  0.04  0.94  0.94  0.66  0.49  0.27 
1925  0.04  0.93  0.94  0.66  0.49  0.27 
1926  0.04  0.93  0.94  0.66  0.49  0.27 
1927  0.04  0.93  0.94  0.66  0.49  0.27 
1928  0.04  0.93  0.94  0.66  0.49  0.27 
1929  0.04  0.93  0.94  0.66  0.49  0.27 
1930  0.04  0.93  0.94  0.66  0.49  0.27 
1931  0.04  0.93  0.94  0.66  0.49  0.27 
1932  0.04  0.93  0.94  0.66  0.49  0.27 
1933  0.04  0.93  0.94  0.66  0.49  0.27 
1934  0.04  0.93  0.94  0.66  0.49  0.27 
1935  0.04  0.93  0.94  0.66  0.49  0.27 
1936  0.04  0.93  0.94  0.66  0.49  0.27 
1937  0.04  0.93  0.94  0.66  0.49  0.27 
1938  0.04  0.93  0.94  0.66  0.49  0.27 
1939  0.04  0.93  0.94  0.66  0.49  0.27 
1940  0.04  0.93  0.94  0.66  0.49  0.27 
1941  0.04  0.93  0.94  0.66  0.49  0.27 
1942  0.04  0.93  0.94  0.66  0.49  0.27 
1943  0.04  0.93  0.94  0.66  0.49  0.27 
1944  0.04  0.93  0.94  0.66  0.49  0.27 
1945  0.04  0.93  0.94  0.66  0.49  0.27 
1946  0.04  0.93  0.94  0.66  0.49  0.27 
1947  0.04  0.93  0.94  0.66  0.49  0.27 
1948  0.04  0.93  0.94  0.66  0.49  0.27 
1949  0.04  0.93  0.94  0.66  0.49  0.27 
1950  0.04  0.93  0.94  0.66  0.49  0.27 
1951  0.04  0.93  0.94  0.66  0.49  0.27 
1952  0.04  0.93  0.94  0.66  0.49  0.27 
1953  0.04  0.93  0.94  0.66  0.49  0.27 
1954  0.04  0.93  0.94  0.66  0.49  0.27 
1955  0.04  0.93  0.94  0.66  0.49  0.27 
1956  0.04  0.93  0.94  0.66  0.49  0.27 
1957  0.04  0.93  0.94  0.66  0.49  0.27 
1958  0.04  0.93  0.94  0.66  0.49  0.27 
1959  0.04  0.93  0.94  0.66  0.49  0.27 
1960  0.04  0.93  0.94  0.66  0.49  0.27 
1961  0.04  0.93  0.94  0.66  0.49  0.27 
1962  0.04  0.93  0.94  0.66  0.49  0.27 
1963  0.04  0.93  0.94  0.66  0.49  0.27 
1964  0.04  0.93  0.94  0.66  0.49  0.27 
1965  0.04  0.93  0.94  0.66  0.49  0.27 
1966  0.04  0.93  0.94  0.66  0.49  0.27 
1967  0.04  0.93  0.94  0.66  0.49  0.27 
1968  0.04  0.93  0.94  0.66  0.49  0.27 
1969  0.04  0.93  0.94  0.66  0.49  0.27 
1970  0.04  0.93  0.93  0.66  0.49  0.27 
1971  0.04  0.93  0.94  0.66  0.49  0.27 
1972  0.04  0.93  0.94  0.66  0.49  0.27 
1973  0.04  0.93  0.94  0.66  0.49  0.27 
1974  0.04  0.93  0.94  0.66  0.49  0.27 
1975  0.04  0.93  0.94  0.66  0.49  0.27 
1976  0.04  0.93  0.94  0.66  0.49  0.27 
1977  0.04  0.93  0.94  0.66  0.49  0.27 
1978  0.04  0.93  0.94  0.66  0.49  0.27 
1979  0.04  0.93  0.94  0.66  0.49  0.27 
1980  0.04  0.93  0.94  0.66  0.49  0.27 
1981  0.04  0.93  0.94  0.66  0.49  0.27 
1982  0.04  0.93  0.94  0.66  0.49  0.27 
1983  0.04  0.93  0.94  0.66  0.49  0.27 
1984  0.04  0.93  0.94  0.66  0.49  0.27 
1985  0.04  0.93  0.94  0.66  0.49  0.27 
1986  0.04  0.93  0.94  0.66  0.49  0.27 
1987  0.04  0.93  0.94  0.66  0.49  0.27 
1988  0.04  0.93  0.94  0.66  0.49  0.27 
1989  0.04  0.93  0.94  0.66  0.49  0.27 
1990  0.04  0.93  0.94  0.66  0.49  0.27 
1991  0.04  0.93  0.94  0.66  0.49  0.27 
1992  0.04  0.93  0.94  0.66  0.49  0.27 
1993  0.04  0.93  0.94  0.66  0.49  0.27 
1994  0.04  0.93  0.94  0.66  0.49  0.27 
1995  0.04  0.93  0.94  0.66  0.49  0.27 
1996  0.04  0.93  0.94  0.66  0.49  0.27 
1997  0.04  0.93  0.94  0.66  0.49  0.27 
1998  0.04  0.93  0.94  0.66  0.49  0.27 
1999  0.04  0.93  0.94  0.66  0.49  0.27 
2000  0.04  0.93  0.94  0.66  0.49  0.27 
2001  0.04  0.93  0.94  0.66  0.49  0.27 
2002  0.04  0.93  0.94  0.66  0.49  0.27 
2003  0.04  0.93  0.94  0.66  0.49  0.27 
2004  0.04  0.93  0.94  0.66  0.49  0.27 
2005  0.04  0.93  0.94  0.66  0.49  0.27 
2006  0.04  0.93  0.94  0.66  0.49  0.27 
2007  0.04  0.93  0.94  0.66  0.49  0.27 
2008  0.04  0.93  0.94  0.66  0.49  0.27 
2009  0.04  0.93  0.94  0.66  0.49  0.27 
2010  0.04  0.93  0.94  0.66  0.49  0.27 
2011  0.04  0.93  0.94  0.66  0.49  0.27 
2012  0.04  0.93  0.94  0.66  0.49  0.27 
2013  0.04  0.93  0.94  0.66  0.49  0.27 
2014  0.04  0.93  0.94  0.66  0.49  0.27 
2015  0.04  0.93  0.94  0.66  0.49  0.27 
2016  0.04  0.93  0.94  0.66  0.49  0.27 
2017  0.04  0.93  0.94  0.66  0.49  0.27 
2018  0.04  0.93  0.94  0.66  0.49  0.27 
2019  0.04  0.93  0.94  0.66  0.49  0.27 
2020  0.04  0.93  0.94  0.66  0.49  0.27 
2021  0.04  0.93  0.94  0.66  0.49  0.27 
2022  0.04  0.93  0.94  0.66  0.49  0.27 
2023  0.04  0.93  0.94  0.66  0.49  0.27 
2024  0.04  0.93  0.94  0.66  0.49  0.27 
2025  0.04  0.93  0.94  0.66  0.49  0.27 
2026  0.04  0.93  0.94  0.66  0.49  0.27 
2027  0.04  0.93  0.94  0.66  0.49  0.27 
2028  0.04  0.93  0.94  0.66  0.49  0.27 
2029  0.04  0.93  0.94  0.66  0.49  0.27 
2030  0.04  0.93  0.94  0.66  0.49  0.27 
2031  0.04  0.93  0.94  0.66  0.49  0.27 
2032  0.04  0.93  0.94  0.66  0.49  0.27 
2033  0.04  0.93  0.94  0.66  0.49  0.27 
2034  0.04  0.93  0.94  0.66  0.49  0.27 
2035  0.04  0.93  0.94  0.66  0.49  0.27 
2036  0.04  0.93  0.94  0.66  0.49  0.27 
2037  0.04  0.93  0.94  0.66  0.49  0.27 
2038  0.04  0.93  0.94  0.66  0.49  0.27 
2039  0.04  0.93  0.94  0.66  0.49  0.27 
2040  0.04  0.93  0.94  0.66  0.49  0.27 
2041  0.04  0.93  0.94  0.66  0.49  0.27 
2042  0.04  0.93  0.94  0.66  0.49  0.27 
2043  0.04  0.93  0.94  0.66  0.49  0.27 
2044  0.04  0.93  0.94  0.66  0.49  0.27 
2045  0.04  0.93  0.94  0.66  0.49  0.27 
2046  0.04  0.93  0.94  0.66  0.49  0.27 
2047  0.04  0.93  0.94  0.66  0.49  0.27 
2048  0.04  0.93  0.94  0.66  0.49  0.27 
