#displaying cycles per input bytes for linux, quicktime, chromium, scalar and avx2 decoders, first column is number of bytes
8  4.33  4.00  3.17  6.33  4.33  3.83 
9  4.33  4.50  3.33  6.33  4.17  4.00 
10  4.25  3.62  2.88  4.38  3.88  3.38 
11  4.25  3.75  2.88  4.50  4.00  3.38 
12  4.25  4.00  2.88  4.62  4.00  3.38 
13  4.30  3.50  2.60  4.40  3.70  2.90 
14  4.20  5.10  2.70  4.60  3.90  3.10 
15  4.20  5.30  2.60  4.50  4.50  3.00 
16  4.17  3.33  3.08  3.67  3.67  3.50 
17  4.08  4.83  3.25  3.75  4.42  3.58 
18  4.17  5.00  3.25  3.83  3.83  3.58 
19  4.07  4.50  2.93  3.79  3.64  3.21 
20  4.00  4.64  2.93  3.93  3.64  3.21 
21  4.07  4.71  2.93  3.93  4.00  3.21 
22  4.06  4.31  2.25  3.19  4.06  2.56 
23  4.00  4.44  2.31  3.25  4.06  2.56 
24  4.00  4.50  2.38  3.38  3.88  2.62 
25  4.00  4.17  2.22  3.39  4.00  2.44 
26  4.00  4.33  2.22  3.44  4.00  2.44 
27  4.00  4.39  2.33  3.50  3.83  2.56 
28  4.00  4.10  2.20  3.00  3.90  2.40 
29  3.85  4.15  2.20  3.05  3.90  2.45 
30  3.95  4.25  2.25  3.10  3.75  2.45 
31  3.91  3.95  2.14  3.14  3.82  2.32 
32  3.91  4.09  2.18  3.18  3.86  2.36 
33  3.91  4.14  2.18  3.23  3.68  2.41 
34  3.92  3.96  2.17  2.83  1.67  1.25 
35  3.92  3.96  2.12  3.00  1.75  1.33 
36  3.92  4.04  2.12  2.88  1.75  1.33 
37  3.92  3.85  2.08  2.96  1.81  1.35 
38  3.85  3.92  2.15  3.00  1.85  1.35 
39  3.88  3.96  2.12  3.04  1.88  1.38 
40  3.89  3.79  2.07  2.75  2.18  1.36 
41  3.86  3.89  2.07  2.75  1.96  1.39 
42  3.86  3.93  2.11  2.82  1.96  1.39 
43  3.87  3.77  2.07  2.87  1.97  1.37 
44  3.80  3.83  2.10  2.87  2.17  1.40 
45  3.83  3.87  2.10  2.93  2.07  1.40 
46  3.84  3.78  2.06  2.69  2.22  1.41 
47  3.81  3.88  2.06  2.75  2.25  1.44 
48  3.84  3.88  2.06  2.75  2.19  1.47 
49  3.85  3.94  2.03  2.79  2.29  1.44 
50  3.85  4.00  2.06  2.85  2.32  1.44 
51  3.85  4.06  2.03  2.85  2.21  1.47 
52  3.86  3.89  2.00  2.61  2.31  1.44 
53  3.83  3.97  2.03  2.64  2.33  1.50 
54  3.86  4.03  2.03  2.67  2.25  1.47 
55  3.84  3.89  2.03  2.71  2.37  1.47 
56  3.82  3.92  2.03  2.76  2.37  1.50 
57  3.84  3.97  2.03  2.79  2.32  1.47 
58  3.83  3.80  2.08  2.58  1.20  0.88 
59  3.80  3.88  2.05  2.58  1.23  0.90 
60  3.83  3.90  2.03  2.60  1.23  0.88 
61  3.79  3.79  2.05  2.64  1.26  0.90 
62  3.79  3.86  2.07  2.67  1.31  0.90 
63  3.81  3.90  2.02  2.67  1.33  0.90 
64  3.82  3.77  2.05  2.50  1.39  0.91 
65  3.80  3.82  2.07  2.57  1.39  0.93 
66  3.80  3.84  2.09  2.55  1.41  0.95 
67  3.83  3.74  2.04  2.61  1.54  0.96 
68  3.78  3.80  2.04  2.63  1.54  0.98 
69  3.78  3.80  2.09  2.65  1.50  0.98 
70  3.79  3.71  2.02  2.48  1.60  1.00 
71  3.79  3.77  2.00  2.46  1.60  1.02 
72  3.79  3.77  2.08  2.52  1.56  1.02 
73  3.80  3.70  2.02  2.56  1.68  1.04 
74  3.78  3.72  2.02  2.58  1.66  1.04 
75  3.78  3.78  2.04  2.60  1.64  1.06 
76  3.81  3.65  1.98  2.44  1.79  1.06 
77  3.81  3.73  2.02  2.48  1.77  1.10 
78  3.81  3.73  2.06  2.50  1.73  1.10 
79  3.81  3.65  2.00  2.52  1.83  1.09 
80  3.81  3.69  2.00  2.56  1.83  1.11 
81  3.83  3.72  2.04  2.56  1.80  1.11 
82  3.82  3.62  2.00  2.45  1.05  0.70 
83  3.80  3.68  1.98  2.39  1.07  0.71 
84  3.82  3.68  2.04  2.45  1.07  0.71 
85  3.83  3.64  1.98  2.48  1.12  0.71 
86  3.81  3.67  1.98  2.50  1.14  0.74 
87  3.81  3.67  2.03  2.53  1.16  0.74 
88  3.85  3.63  1.97  2.40  1.12  0.73 
89  3.80  3.65  1.97  2.40  1.13  0.73 
90  3.82  3.68  2.02  2.42  1.15  0.73 
91  3.81  3.56  1.98  2.45  1.18  0.76 
92  3.79  3.61  1.98  2.48  1.21  0.76 
93  3.79  3.63  2.02  2.48  1.21  0.77 
94  3.80  3.56  1.98  2.38  1.30  0.80 
95  3.80  3.61  1.97  2.41  1.30  0.80 
96  3.78  3.64  2.02  2.39  1.28  0.78 
97  3.80  3.56  1.97  2.44  1.35  0.82 
98  3.77  3.59  1.97  2.47  1.35  0.88 
99  3.80  3.62  2.00  2.47  1.33  0.83 
100  3.79  3.54  1.97  2.34  1.40  0.85 
101  3.79  3.59  1.97  2.37  1.40  0.85 
102  3.81  3.60  2.01  2.37  1.40  0.85 
103  3.81  3.54  1.96  2.40  1.46  0.87 
104  3.80  3.57  1.96  2.43  1.44  0.89 
105  3.81  3.59  1.99  2.44  1.44  0.89 
106  3.82  3.53  1.96  2.33  0.86  0.56 
107  3.79  3.57  1.96  2.33  0.88  0.57 
108  3.82  3.60  2.00  2.36  0.88  0.57 
109  3.81  3.51  1.95  2.41  0.92  0.58 
110  3.78  3.54  1.95  2.41  0.93  0.59 
111  3.81  3.57  1.99  2.43  0.95  0.59 
112  3.82  3.50  1.93  2.30  0.99  0.61 
113  3.78  3.54  1.95  2.34  1.00  0.63 
114  3.79  3.57  1.97  2.34  1.00  0.63 
115  3.79  3.51  1.94  2.38  1.04  0.64 
116  3.78  3.54  1.94  2.40  1.05  0.65 
117  3.79  3.58  1.96  2.40  1.06  0.65 
118  3.81  3.50  1.94  2.31  1.11  0.68 
119  3.79  3.53  1.94  2.38  1.11  0.68 
120  3.80  3.55  1.96  2.34  1.11  0.68 
121  3.80  3.51  1.95  2.35  1.17  0.70 
122  3.79  3.52  1.93  2.38  1.17  0.70 
123  3.79  3.54  1.96  2.38  1.17  0.71 
124  3.80  3.50  1.94  2.38  1.21  0.73 
125  3.79  3.50  1.94  2.31  1.21  0.74 
126  3.79  3.52  1.96  2.30  1.21  0.74 
127  3.80  3.49  1.93  2.34  1.26  0.76 
128  3.79  3.49  1.93  2.36  1.26  0.76 
129  3.79  3.52  1.95  2.35  1.27  0.77 
130  3.81  3.45  1.93  2.27  0.77  0.50 
131  3.81  3.48  1.92  2.30  0.77  0.50 
132  3.81  3.51  1.97  2.31  0.80  0.50 
133  3.80  3.47  1.91  2.33  0.83  0.51 
134  3.81  3.47  1.93  2.34  0.84  0.52 
135  3.81  3.49  1.94  2.34  0.83  0.51 
136  3.82  3.45  1.91  2.26  0.88  0.53 
137  3.82  3.48  1.92  2.28  0.89  0.54 
138  3.82  3.50  1.95  2.29  0.90  0.54 
139  3.82  3.45  1.93  2.31  0.94  0.55 
140  3.82  3.47  1.91  2.33  0.95  0.57 
141  3.82  3.48  1.95  2.33  0.95  0.56 
142  3.80  3.44  1.91  2.26  1.00  0.59 
143  3.81  3.46  1.92  2.28  0.99  0.59 
144  3.81  3.49  1.95  2.27  0.99  0.58 
145  3.82  3.43  1.90  2.30  1.04  0.61 
146  3.81  3.46  1.89  2.33  1.05  0.61 
147  3.81  3.48  1.93  2.33  1.04  0.63 
148  3.81  3.43  1.92  2.25  1.10  0.64 
149  3.80  3.46  1.90  2.27  1.09  0.64 
150  3.81  3.46  1.94  2.28  1.08  0.65 
151  3.81  3.42  1.91  2.29  1.12  0.66 
152  3.79  3.44  1.91  2.32  1.13  0.67 
153  3.79  3.46  1.93  2.31  1.13  0.66 
154  3.80  3.41  1.90  2.24  0.71  0.45 
155  3.80  3.43  1.88  2.26  0.72  0.45 
156  3.80  3.45  1.92  2.26  0.72  0.45 
157  3.79  3.42  1.90  2.28  0.76  0.47 
158  3.79  3.43  1.91  2.29  0.77  0.47 
159  3.80  3.45  1.93  2.30  0.76  0.48 
160  3.80  3.42  1.90  2.22  0.81  0.49 
161  3.80  3.44  1.88  2.25  0.81  0.50 
162  3.80  3.45  1.94  2.25  0.82  0.49 
163  3.80  3.40  1.90  2.26  0.88  0.50 
164  3.78  3.43  1.89  2.29  0.87  0.51 
165  3.79  3.44  1.91  2.30  0.86  0.52 
166  3.79  3.41  1.88  2.23  0.92  0.53 
167  3.79  3.42  1.89  2.24  0.93  0.53 
168  3.79  3.43  1.92  2.25  0.91  0.54 
169  3.79  3.40  1.89  2.26  0.96  0.55 
170  3.78  3.42  1.89  2.28  0.96  0.55 
171  3.79  3.43  1.91  2.29  0.95  0.55 
172  3.79  3.40  1.90  2.21  0.99  0.57 
173  3.78  3.41  1.89  2.24  0.99  0.58 
174  3.79  3.43  1.91  2.22  0.99  0.59 
175  3.81  3.40  1.87  2.27  1.03  0.59 
176  3.79  3.42  1.91  2.28  1.03  0.60 
177  3.80  3.42  1.91  2.29  1.03  0.61 
178  3.80  3.38  1.89  2.22  0.68  0.42 
179  3.79  3.41  1.89  2.22  0.68  0.42 
180  3.79  3.42  1.91  2.22  0.68  0.42 
181  3.79  3.38  1.88  2.25  0.71  0.43 
182  3.78  3.41  1.88  2.28  0.72  0.43 
183  3.79  3.41  1.91  2.25  0.72  0.44 
184  3.78  3.38  1.88  2.21  0.76  0.44 
185  3.78  3.39  1.89  2.22  0.77  0.45 
186  3.78  3.41  1.90  2.23  0.77  0.45 
187  3.78  3.37  1.89  2.26  0.79  0.46 
188  3.78  3.40  1.89  2.25  0.80  0.47 
189  3.79  3.40  1.90  2.26  0.81  0.48 
190  3.78  3.36  1.89  2.20  0.85  0.48 
191  3.79  3.39  1.88  2.22  0.85  0.48 
192  3.79  3.40  1.91  2.21  0.84  0.49 
193  3.80  3.38  1.88  2.23  0.88  0.51 
194  3.78  3.38  1.88  2.25  0.88  0.52 
195  3.79  3.40  1.91  2.25  0.88  0.52 
196  3.79  3.36  1.88  2.20  0.92  0.52 
197  3.79  3.39  1.88  2.22  0.92  0.54 
198  3.79  3.39  1.90  2.21  0.92  0.53 
199  3.80  3.37  1.89  2.23  0.96  0.54 
200  3.79  3.37  1.88  2.24  0.96  0.55 
201  3.80  3.40  1.90  2.24  0.96  0.55 
202  3.80  3.36  1.88  2.20  0.64  0.39 
203  3.84  3.38  1.87  2.21  0.65  0.39 
204  3.80  3.38  1.90  2.21  0.65  0.39 
205  3.80  3.36  1.88  2.22  0.68  0.41 
206  3.80  3.38  1.88  2.22  0.69  0.41 
207  3.79  3.38  1.91  2.23  0.69  0.39 
208  3.79  3.35  1.87  2.19  0.71  0.42 
209  3.79  3.36  1.87  2.21  0.73  0.42 
210  3.80  3.38  1.89  2.19  0.73  0.42 
211  3.80  3.35  1.88  2.21  0.75  0.43 
212  3.78  3.36  1.88  2.23  0.76  0.44 
213  3.80  3.37  1.90  2.23  0.77  0.44 
214  3.79  3.35  1.88  2.19  0.80  0.45 
215  3.78  3.37  1.88  2.19  0.80  0.45 
216  3.78  3.38  1.90  2.19  0.79  0.46 
217  3.79  3.34  1.87  2.21  0.84  0.47 
218  3.79  3.36  1.87  2.24  0.83  0.48 
219  3.79  3.36  1.89  2.22  0.83  0.47 
220  3.79  3.34  1.88  2.18  0.86  0.49 
221  3.80  3.36  1.88  2.21  0.86  0.50 
222  3.80  3.37  1.89  2.19  0.86  0.50 
223  3.79  3.35  1.88  2.21  0.89  0.51 
224  3.79  3.35  1.86  2.23  0.89  0.51 
225  3.79  3.37  1.89  2.22  0.89  0.51 
226  3.79  3.34  1.88  2.18  0.62  0.37 
227  3.79  3.36  1.86  2.19  0.62  0.38 
228  3.79  3.36  1.88  2.20  0.62  0.38 
229  3.79  3.34  1.88  2.21  0.66  0.38 
230  3.79  3.35  1.88  2.21  0.66  0.38 
231  3.79  3.36  1.89  2.22  0.66  0.39 
232  3.79  3.33  1.87  2.17  0.69  0.40 
233  3.79  3.36  1.87  2.19  0.69  0.40 
234  3.79  3.36  1.89  2.19  0.69  0.40 
235  3.79  3.34  1.86  2.21  0.72  0.41 
236  3.78  3.35  1.87  2.21  0.73  0.42 
237  3.79  3.35  1.89  2.22  0.73  0.42 
238  3.79  3.33  1.86  2.17  0.77  0.43 
239  3.78  3.35  1.86  2.18  0.76  0.43 
240  3.79  3.36  1.89  2.18  0.76  0.44 
241  3.79  3.33  1.87  2.20  0.80  0.44 
242  3.78  3.35  1.87  2.21  0.80  0.44 
243  3.78  3.35  1.89  2.20  0.79  0.45 
244  3.78  3.32  1.87  2.17  0.82  0.46 
245  3.78  3.34  1.87  2.18  0.82  0.46 
246  3.79  3.35  1.88  2.18  0.82  0.47 
247  3.78  3.33  1.86  2.19  0.85  0.48 
248  3.82  3.33  1.86  2.20  0.85  0.48 
249  3.78  3.35  1.88  2.20  0.84  0.49 
250  3.79  3.33  1.87  2.17  0.60  0.35 
251  3.78  3.35  1.86  2.19  0.61  0.36 
252  3.79  3.35  1.88  2.18  0.61  0.35 
253  3.79  3.32  1.86  2.19  0.63  0.36 
254  3.78  3.33  1.85  2.20  0.64  0.36 
255  3.79  3.34  1.88  2.21  0.64  0.36 
256  3.79  3.32  1.87  2.16  0.66  0.38 
257  3.78  3.33  1.86  2.16  0.66  0.37 
258  3.80  3.34  1.88  2.18  0.67  0.38 
259  3.79  3.32  1.86  2.18  0.70  0.39 
260  3.78  3.33  1.86  2.21  0.70  0.40 
261  3.79  3.34  1.88  2.20  0.70  0.39 
262  3.78  3.31  1.86  2.15  0.73  0.40 
263  3.77  3.32  1.86  2.18  0.73  0.41 
264  3.77  3.34  1.88  2.17  0.73  0.41 
265  3.78  3.31  1.85  2.19  0.76  0.42 
266  3.77  3.32  1.85  2.19  0.75  0.43 
267  3.78  3.33  1.88  2.19  0.75  0.43 
268  3.78  3.30  1.86  2.16  0.78  0.44 
269  3.78  3.32  1.86  2.17  0.78  0.44 
270  3.78  3.33  1.88  2.17  0.78  0.44 
271  3.78  3.30  1.86  2.19  0.81  0.46 
272  3.78  3.32  1.86  2.20  0.81  0.46 
273  3.77  3.32  1.87  2.19  0.81  0.46 
274  3.78  3.32  1.86  2.16  0.59  0.34 
275  3.78  3.32  1.85  2.16  0.59  0.34 
276  3.78  3.32  1.87  2.16  0.59  0.34 
277  3.78  3.31  1.86  2.18  0.61  0.34 
278  3.78  3.31  1.85  2.20  0.62  0.35 
279  3.78  3.33  1.88  2.19  0.61  0.35 
280  3.78  3.30  1.85  2.15  0.64  0.36 
281  3.78  3.31  1.86  2.15  0.64  0.37 
282  3.78  3.32  1.87  2.16  0.64  0.37 
283  3.78  3.31  1.86  2.17  0.67  0.37 
284  3.77  3.32  1.85  2.19  0.67  0.37 
285  3.78  3.32  1.87  2.19  0.67  0.38 
286  3.78  3.30  1.85  2.16  0.71  0.39 
287  3.78  3.32  1.85  2.15  0.71  0.40 
288  3.78  3.31  1.88  2.15  0.70  0.39 
289  3.79  3.29  1.86  2.18  0.73  0.40 
290  3.78  3.31  1.85  2.19  0.73  0.40 
291  3.79  3.31  1.87  2.18  0.73  0.41 
292  3.79  3.28  1.85  2.14  0.76  0.41 
293  3.79  3.29  1.86  2.16  0.76  0.42 
294  3.79  3.31  1.86  2.16  0.76  0.42 
295  3.79  3.28  1.85  2.17  0.78  0.43 
296  3.79  3.31  1.85  2.18  0.79  0.43 
297  3.79  3.32  1.86  2.18  0.78  0.43 
298  3.79  3.28  1.85  2.14  0.57  0.33 
299  3.78  3.31  1.85  2.15  0.57  0.33 
300  3.79  3.30  1.87  2.14  0.57  0.32 
301  3.79  3.30  1.85  2.16  0.59  0.34 
302  3.78  3.31  1.85  2.18  0.60  0.34 
303  3.78  3.32  1.86  2.18  0.60  0.34 
304  3.79  3.30  1.85  2.14  0.62  0.35 
305  3.78  3.30  1.85  2.16  0.63  0.35 
306  3.79  3.30  1.87  2.15  0.63  0.35 
307  3.78  3.30  1.85  2.17  0.65  0.36 
308  3.78  3.31  1.85  2.18  0.65  0.36 
309  3.78  3.31  1.87  2.18  0.66  0.36 
310  3.78  3.29  1.86  2.13  0.68  0.37 
311  3.78  3.31  1.84  2.16  0.68  0.38 
312  3.78  3.31  1.87  2.14  0.68  0.38 
313  3.79  3.28  1.85  2.15  0.71  0.38 
314  3.78  3.29  1.84  2.18  0.71  0.39 
315  3.79  3.30  1.86  2.18  0.70  0.39 
316  3.78  3.29  1.85  2.14  0.74  0.40 
317  3.78  3.29  1.85  2.15  0.74  0.40 
318  3.78  3.31  1.86  2.16  0.72  0.41 
319  3.78  3.29  1.85  2.17  0.75  0.41 
320  3.78  3.28  1.85  2.17  0.75  0.42 
321  3.78  3.30  1.86  2.17  0.75  0.41 
322  3.78  3.28  1.85  2.14  0.56  0.32 
323  3.78  3.30  1.84  2.15  0.56  0.32 
324  3.77  3.29  1.86  2.14  0.57  0.31 
325  3.78  3.28  1.85  2.16  0.58  0.33 
326  3.78  3.27  1.84  2.17  0.58  0.33 
327  3.78  3.31  1.87  2.17  0.59  0.33 
328  3.78  3.29  1.85  2.14  0.60  0.34 
329  3.78  3.28  1.85  2.15  0.61  0.34 
330  3.79  3.30  1.85  2.15  0.61  0.34 
331  3.78  3.27  1.85  2.15  0.63  0.35 
332  3.78  3.27  1.85  2.16  0.64  0.35 
333  3.78  3.30  1.86  2.17  0.64  0.35 
334  3.79  3.28  1.85  2.12  0.65  0.36 
335  3.79  3.28  1.84  2.15  0.66  0.36 
336  3.79  3.29  1.86  2.14  0.66  0.36 
337  3.79  3.27  1.85  2.16  0.68  0.37 
338  3.80  3.27  1.84  2.16  0.68  0.38 
339  3.79  3.28  1.86  2.16  0.69  0.37 
340  3.80  3.25  1.85  2.13  0.70  0.38 
341  3.79  3.26  1.85  2.15  0.71  0.39 
342  3.80  3.28  1.86  2.14  0.71  0.39 
343  3.80  3.28  1.84  2.15  0.72  0.40 
344  3.80  3.26  1.84  2.16  0.73  0.40 
345  3.79  3.27  1.86  2.16  0.73  0.40 
346  3.80  3.25  1.85  2.13  0.54  0.31 
347  3.80  3.28  1.84  2.15  0.55  0.31 
348  3.80  3.29  1.86  2.14  0.55  0.31 
349  3.79  3.24  1.84  2.15  0.57  0.32 
350  3.79  3.28  1.84  2.16  0.57  0.32 
351  3.79  3.27  1.86  2.16  0.57  0.32 
352  3.80  3.25  1.86  2.13  0.59  0.34 
353  3.80  3.26  1.87  2.14  0.59  0.35 
354  3.80  3.29  1.88  2.13  0.59  0.36 
355  3.80  3.25  1.87  2.14  0.61  0.37 
356  3.80  3.29  1.86  2.16  0.62  0.37 
357  3.80  3.29  1.87  2.15  0.62  0.37 
358  3.80  3.25  1.86  2.12  0.63  0.38 
359  3.80  3.28  1.86  2.14  0.64  0.38 
360  3.80  3.30  1.87  2.14  0.64  0.38 
361  3.80  3.26  1.86  2.15  0.65  0.39 
362  3.79  3.29  1.86  2.15  0.66  0.39 
363  3.80  3.29  1.86  2.14  0.66  0.39 
364  3.80  3.27  1.84  2.14  0.67  0.36 
365  3.80  3.25  1.84  2.13  0.73  0.38 
366  3.80  3.27  1.86  2.13  0.69  0.38 
367  3.80  3.24  1.85  2.14  0.70  0.38 
368  3.80  3.26  1.85  2.15  0.70  0.39 
369  3.80  3.28  1.86  2.15  0.71  0.39 
370  3.80  3.25  1.86  2.12  0.54  0.30 
371  3.79  3.25  1.84  2.13  0.54  0.30 
372  3.80  3.25  1.85  2.12  0.54  0.30 
373  3.80  3.24  1.84  2.15  0.56  0.31 
374  3.80  3.26  1.84  2.15  0.56  0.31 
375  3.80  3.27  1.86  2.14  0.57  0.31 
376  3.80  3.27  1.84  2.12  0.58  0.32 
377  3.80  3.28  1.84  2.14  0.59  0.33 
378  3.80  3.26  1.86  2.17  0.59  0.32 
379  3.80  3.25  1.85  2.14  0.61  0.32 
380  3.79  3.27  1.84  2.17  0.61  0.33 
381  3.80  3.29  1.85  2.15  0.61  0.33 
382  3.79  3.24  1.84  2.12  0.63  0.34 
383  3.79  3.26  1.84  2.12  0.63  0.34 
384  3.79  3.27  1.85  2.16  0.63  0.34 
385  3.80  3.24  1.84  2.14  0.65  0.35 
386  3.80  3.28  1.84  2.14  0.65  0.35 
387  3.79  3.28  1.85  2.15  0.65  0.35 
388  3.80  3.25  1.83  2.16  0.67  0.36 
389  3.80  3.27  1.84  2.14  0.70  0.37 
390  3.80  3.27  1.85  2.14  0.69  0.36 
391  3.80  3.25  1.84  2.15  0.68  0.37 
392  3.80  3.24  1.84  2.16  0.72  0.37 
393  3.80  3.26  1.84  2.15  0.71  0.38 
394  3.80  3.27  1.84  2.14  0.53  0.29 
395  3.79  3.27  1.83  2.14  0.53  0.30 
396  3.79  3.26  1.85  2.15  0.54  0.30 
397  3.79  3.24  1.84  2.13  0.56  0.30 
398  3.80  3.24  1.84  2.14  0.56  0.31 
399  3.80  3.26  1.85  2.14  0.56  0.30 
400  3.80  3.24  1.86  2.15  0.57  0.31 
401  3.79  3.27  1.85  2.15  0.58  0.32 
402  3.79  3.27  1.87  2.12  0.58  0.32 
403  3.79  3.26  1.86  2.13  0.63  0.33 
404  3.79  3.24  1.86  2.14  0.63  0.33 
405  3.79  3.26  1.87  2.13  0.63  0.33 
406  3.79  3.26  1.85  2.14  0.65  0.33 
407  3.79  3.24  1.86  2.15  0.64  0.34 
408  3.79  3.25  1.86  2.12  0.64  0.33 
409  3.79  3.26  1.85  2.13  0.67  0.34 
410  3.79  3.27  1.85  2.14  0.67  0.35 
411  3.79  3.27  1.87  2.15  0.66  0.35 
412  3.79  3.26  1.84  2.15  0.68  0.35 
413  3.79  3.27  1.84  2.16  0.69  0.36 
414  3.79  3.28  1.85  2.13  0.67  0.36 
415  3.79  3.26  1.84  2.13  0.70  0.36 
416  3.79  3.24  1.83  2.14  0.70  0.37 
417  3.79  3.24  1.85  2.14  0.69  0.37 
418  3.79  3.24  1.84  2.16  0.53  0.29 
419  3.79  3.24  1.84  2.12  0.54  0.30 
420  3.79  3.25  1.85  2.12  0.53  0.29 
421  3.79  3.26  1.84  2.13  0.55  0.30 
422  3.78  3.25  1.84  2.14  0.55  0.30 
423  3.79  3.24  1.85  2.14  0.56  0.30 
424  3.79  3.25  1.86  2.12  0.56  0.31 
425  3.79  3.23  1.86  2.12  0.57  0.31 
426  3.79  3.24  1.88  2.13  0.57  0.31 
427  3.79  3.23  1.88  2.14  0.62  0.32 
428  3.79  3.24  1.88  2.14  0.62  0.33 
429  3.79  3.27  1.89  2.14  0.61  0.33 
430  3.78  3.23  1.87  2.11  0.64  0.34 
431  3.79  3.24  1.87  2.12  0.64  0.34 
432  3.78  3.24  1.88  2.12  0.63  0.34 
433  3.79  3.22  1.87  2.12  0.66  0.35 
434  3.79  3.24  1.87  2.14  0.66  0.36 
435  3.79  3.24  1.88  2.14  0.65  0.36 
436  3.79  3.26  1.86  2.11  0.67  0.35 
437  3.78  3.24  1.87  2.13  0.67  0.36 
438  3.78  3.24  1.88  2.12  0.66  0.35 
439  3.79  3.22  1.86  2.13  0.69  0.36 
440  3.79  3.24  1.86  2.13  0.69  0.36 
441  3.79  3.24  1.88  2.13  0.68  0.36 
442  3.79  3.23  1.86  2.10  0.52  0.28 
443  3.78  3.23  1.86  2.12  0.52  0.29 
444  3.79  3.24  1.88  2.11  0.53  0.28 
445  3.79  3.25  1.85  2.13  0.54  0.29 
446  3.78  3.23  1.86  2.14  0.54  0.29 
447  3.78  3.23  1.88  2.13  0.54  0.29 
448  3.78  3.25  1.86  2.12  0.56  0.30 
449  3.78  3.26  1.86  2.12  0.56  0.30 
450  3.78  3.23  1.87  2.11  0.56  0.30 
451  3.78  3.21  1.86  2.12  0.61  0.31 
452  3.78  3.22  1.86  2.15  0.61  0.31 
453  3.78  3.24  1.86  2.14  0.60  0.31 
454  3.78  3.22  1.86  2.11  0.63  0.32 
455  3.78  3.25  1.85  2.14  0.63  0.32 
456  3.78  3.26  1.86  2.12  0.62  0.32 
457  3.78  3.22  1.85  2.12  0.64  0.33 
458  3.78  3.26  1.85  2.16  0.64  0.33 
459  3.79  3.26  1.86  2.13  0.63  0.33 
460  3.79  3.22  1.85  2.11  0.66  0.36 
461  3.79  3.23  1.86  2.14  0.66  0.36 
462  3.78  3.24  1.87  2.12  0.65  0.36 
463  3.78  3.25  1.86  2.12  0.67  0.36 
464  3.78  3.23  1.86  2.15  0.67  0.37 
465  3.79  3.24  1.86  2.13  0.66  0.36 
466  3.79  3.21  1.86  2.12  0.52  0.30 
467  3.79  3.21  1.85  2.14  0.52  0.30 
468  3.79  3.23  1.87  2.12  0.52  0.30 
469  3.79  3.22  1.86  2.13  0.53  0.32 
470  3.78  3.23  1.87  2.15  0.54  0.31 
471  3.79  3.26  1.88  2.14  0.54  0.33 
472  3.78  3.21  1.84  2.11  0.55  0.32 
473  3.78  3.21  1.84  2.12  0.55  0.32 
474  3.79  3.22  1.85  2.12  0.56  0.32 
475  3.79  3.21  1.84  2.13  0.60  0.33 
476  3.78  3.23  1.84  2.13  0.60  0.33 
477  3.78  3.26  1.85  2.13  0.59  0.33 
478  3.78  3.25  1.84  2.11  0.61  0.33 
479  3.78  3.25  1.83  2.12  0.62  0.34 
480  3.79  3.23  1.85  2.12  0.61  0.34 
481  3.78  3.22  1.85  2.13  0.63  0.34 
482  3.79  3.25  1.84  2.13  0.63  0.35 
483  3.78  3.23  1.85  2.13  0.62  0.35 
484  3.78  3.22  1.84  2.11  0.65  0.36 
485  3.78  3.22  1.83  2.11  0.65  0.36 
486  3.78  3.23  1.85  2.12  0.64  0.36 
487  3.78  3.21  1.85  2.11  0.66  0.38 
488  3.79  3.21  1.84  2.13  0.66  0.37 
489  3.78  3.25  1.85  2.13  0.65  0.39 
490  3.78  3.24  1.84  2.10  0.51  0.31 
491  3.79  3.25  1.84  2.12  0.52  0.31 
492  3.78  3.26  1.85  2.11  0.52  0.31 
493  3.79  3.25  1.85  2.12  0.52  0.32 
494  3.78  3.22  1.84  2.14  0.53  0.32 
495  3.78  3.23  1.85  2.13  0.53  0.32 
496  3.78  3.24  1.87  2.10  0.54  0.31 
497  3.78  3.25  1.86  2.11  0.55  0.32 
498  3.78  3.25  1.88  2.11  0.55  0.32 
499  3.78  3.24  1.87  2.12  0.59  0.32 
500  3.78  3.25  1.87  2.12  0.59  0.33 
501  3.78  3.22  1.88  2.12  0.58  0.33 
502  3.78  3.23  1.87  2.10  0.61  0.33 
503  3.78  3.21  1.88  2.11  0.61  0.34 
504  3.79  3.23  1.88  2.11  0.60  0.33 
505  3.78  3.21  1.87  2.12  0.62  0.34 
506  3.78  3.25  1.87  2.13  0.62  0.35 
507  3.78  3.21  1.88  2.12  0.62  0.34 
508  3.79  3.21  1.86  2.11  0.64  0.36 
509  3.78  3.21  1.86  2.11  0.63  0.35 
510  3.78  3.25  1.86  2.11  0.63  0.35 
511  3.78  3.20  1.86  2.12  0.65  0.36 
512  3.78  3.25  1.86  2.12  0.65  0.36 
513  3.78  3.23  1.87  2.13  0.64  0.37 
514  3.79  3.20  1.86  2.10  0.50  0.29 
515  3.78  3.22  1.85  2.11  0.51  0.29 
516  3.78  3.22  1.87  2.12  0.51  0.29 
517  3.78  3.25  1.86  2.12  0.52  0.30 
518  3.78  3.24  1.86  2.12  0.52  0.30 
519  3.78  3.25  1.88  2.12  0.53  0.30 
520  3.78  3.20  1.85  2.09  0.53  0.31 
521  3.78  3.22  1.84  2.11  0.54  0.31 
522  3.78  3.24  1.85  2.12  0.54  0.31 
523  3.78  3.24  1.85  2.12  0.59  0.31 
524  3.79  3.24  1.84  2.13  0.58  0.32 
525  3.82  3.21  1.85  2.13  0.57  0.32 
526  3.78  3.24  1.85  2.11  0.60  0.32 
527  3.78  3.21  1.84  2.11  0.60  0.33 
528  3.79  3.22  1.85  2.11  0.59  0.33 
529  3.78  3.24  1.84  2.12  0.61  0.34 
530  3.79  3.22  1.85  2.12  0.61  0.34 
531  3.78  3.22  1.85  2.12  0.60  0.34 
532  3.78  3.24  1.87  2.11  0.63  0.35 
533  3.78  3.24  1.86  2.11  0.62  0.35 
534  3.78  3.21  1.87  2.10  0.61  0.35 
535  3.78  3.21  1.86  2.12  0.63  0.35 
536  3.78  3.21  1.86  2.12  0.63  0.35 
537  3.78  3.25  1.86  2.12  0.63  0.35 
538  3.78  3.21  1.86  2.11  0.50  0.29 
539  3.78  3.21  1.86  2.11  0.51  0.29 
540  3.78  3.21  1.87  2.11  0.50  0.29 
541  3.78  3.20  1.86  2.12  0.51  0.29 
542  3.78  3.20  1.86  2.13  0.52  0.30 
543  3.78  3.24  1.86  2.13  0.52  0.30 
544  3.78  3.22  1.85  2.11  0.53  0.31 
545  3.78  3.20  1.87  2.11  0.53  0.31 
546  3.79  3.24  1.87  2.11  0.53  0.31 
547  3.78  3.23  1.86  2.11  0.57  0.31 
548  3.77  3.20  1.86  2.12  0.57  0.31 
549  3.78  3.25  1.87  2.12  0.57  0.32 
550  3.78  3.19  1.86  2.10  0.59  0.32 
551  3.78  3.21  1.86  2.10  0.58  0.32 
552  3.78  3.24  1.86  2.11  0.58  0.33 
553  3.78  3.21  1.86  2.12  0.60  0.33 
554  3.78  3.20  1.86  2.11  0.60  0.33 
555  3.78  3.21  1.87  2.12  0.59  0.33 
556  3.78  3.19  1.87  2.09  0.61  0.34 
557  3.78  3.20  1.86  2.10  0.61  0.34 
558  3.78  3.22  1.87  2.10  0.61  0.34 
559  3.78  3.19  1.86  2.12  0.63  0.34 
560  3.78  3.21  1.87  2.12  0.63  0.35 
561  3.78  3.21  1.87  2.12  0.62  0.34 
562  3.78  3.19  1.87  2.13  0.50  0.29 
563  3.77  3.21  1.86  2.13  0.50  0.29 
564  3.79  3.20  1.86  2.11  0.50  0.29 
565  3.78  3.23  1.86  2.13  0.51  0.29 
566  3.77  3.19  1.86  2.13  0.51  0.29 
567  3.78  3.24  1.87  2.14  0.51  0.30 
568  3.77  3.19  1.85  2.10  0.53  0.30 
569  3.78  3.20  1.85  2.13  0.53  0.31 
570  3.77  3.21  1.86  2.12  0.53  0.30 
571  3.77  3.23  1.85  2.13  0.57  0.31 
572  3.77  3.21  1.85  2.14  0.57  0.31 
573  3.77  3.20  1.86  2.13  0.56  0.31 
574  3.78  3.23  1.86  2.12  0.59  0.32 
575  3.77  3.24  1.85  2.12  0.58  0.32 
576  3.78  3.24  1.86  2.12  0.57  0.32 
577  3.77  3.20  1.86  2.13  0.59  0.32 
578  3.77  3.20  1.85  2.13  0.59  0.33 
579  3.77  3.21  1.85  2.13  0.58  0.33 
580  3.78  3.20  1.84  2.11  0.60  0.33 
581  3.77  3.23  1.85  2.12  0.61  0.34 
582  3.77  3.24  1.85  2.12  0.60  0.33 
583  3.77  3.20  1.83  2.13  0.62  0.34 
584  3.77  3.24  1.85  2.13  0.62  0.34 
585  3.77  3.19  1.85  2.13  0.61  0.34 
586  3.77  3.19  1.83  2.11  0.49  0.28 
587  3.77  3.20  1.84  2.11  0.50  0.28 
588  3.77  3.20  1.85  2.12  0.49  0.28 
589  3.77  3.20  1.83  2.12  0.50  0.29 
590  3.77  3.20  1.84  2.13  0.51  0.29 
591  3.77  3.20  1.85  2.13  0.51  0.29 
592  3.77  3.23  1.84  2.11  0.52  0.30 
593  3.78  3.21  1.84  2.11  0.52  0.30 
594  3.77  3.21  1.85  2.12  0.52  0.30 
595  3.81  3.23  1.84  2.13  0.56  0.30 
596  3.77  3.20  1.84  2.13  0.56  0.31 
597  3.77  3.21  1.85  2.13  0.56  0.31 
598  3.77  3.23  1.85  2.11  0.57  0.31 
599  3.77  3.19  1.85  2.12  0.57  0.31 
600  3.77  3.19  1.85  2.11  0.56  0.31 
601  3.77  3.19  1.85  2.13  0.59  0.32 
602  3.77  3.20  1.84  2.12  0.59  0.32 
603  3.77  3.21  1.85  2.13  0.58  0.32 
604  3.77  3.23  1.87  2.11  0.60  0.32 
605  3.77  3.19  1.87  2.11  0.60  0.32 
606  3.77  3.24  1.88  2.12  0.59  0.33 
607  3.77  3.23  1.88  2.13  0.61  0.33 
608  3.77  3.24  1.87  2.13  0.61  0.33 
609  3.77  3.24  1.88  2.13  0.61  0.34 
610  3.77  3.20  1.87  2.11  0.49  0.28 
611  3.77  3.24  1.87  2.12  0.49  0.28 
612  3.77  3.20  1.88  2.12  0.49  0.28 
613  3.78  3.23  1.87  2.12  0.50  0.28 
614  3.77  3.19  1.88  2.13  0.51  0.29 
615  3.78  3.20  1.88  2.12  0.51  0.29 
616  3.78  3.19  1.85  2.11  0.51  0.29 
617  3.78  3.20  1.85  2.12  0.52  0.29 
618  3.78  3.20  1.86  2.12  0.52  0.29 
619  3.78  3.19  1.85  2.13  0.55  0.30 
620  3.78  3.20  1.85  2.13  0.55  0.30 
621  3.78  3.20  1.86  2.13  0.55  0.30 
622  3.78  3.19  1.85  2.11  0.56  0.31 
623  3.78  3.19  1.85  2.11  0.57  0.31 
624  3.80  3.19  1.86  2.11  0.56  0.31 
625  3.78  3.18  1.85  2.12  0.58  0.31 
626  3.78  3.23  1.85  2.13  0.58  0.31 
627  3.78  3.20  1.86  2.13  0.57  0.31 
628  3.78  3.18  1.84  2.11  0.59  0.32 
629  3.78  3.23  1.84  2.11  0.59  0.32 
630  3.78  3.23  1.85  2.11  0.58  0.32 
631  3.78  3.22  1.83  2.12  0.60  0.32 
632  3.78  3.19  1.84  2.12  0.60  0.33 
633  3.78  3.23  1.84  2.13  0.59  0.33 
634  3.79  3.18  1.84  2.11  0.49  0.27 
635  3.78  3.23  1.83  2.12  0.49  0.27 
636  3.78  3.20  1.84  2.11  0.49  0.28 
637  3.78  3.19  1.83  2.12  0.50  0.28 
638  3.78  3.20  1.84  2.12  0.50  0.28 
639  3.80  3.23  1.84  2.12  0.50  0.28 
640  3.79  3.22  1.83  2.11  0.51  0.29 
641  3.78  3.23  1.83  2.11  0.51  0.29 
642  3.79  3.20  1.84  2.11  0.52  0.29 
643  3.79  3.18  1.83  2.12  0.55  0.30 
644  3.78  3.19  1.83  2.12  0.55  0.30 
645  3.79  3.20  1.83  2.12  0.54  0.30 
646  3.79  3.18  1.83  2.10  0.56  0.31 
647  3.78  3.23  1.83  2.12  0.56  0.30 
648  3.78  3.19  1.84  2.11  0.56  0.31 
649  3.78  3.19  1.83  2.11  0.57  0.31 
650  3.78  3.23  1.82  2.13  0.57  0.31 
651  3.79  3.23  1.84  2.12  0.56  0.31 
652  3.78  3.18  1.84  2.10  0.58  0.31 
653  3.78  3.19  1.83  2.11  0.58  0.32 
654  3.78  3.21  1.84  2.11  0.58  0.32 
655  3.78  3.19  1.83  2.13  0.59  0.32 
656  3.78  3.20  1.84  2.12  0.60  0.33 
657  3.78  3.18  1.84  2.12  0.59  0.33 
658  3.78  3.18  1.84  2.11  0.48  0.27 
659  3.78  3.22  1.83  2.11  0.48  0.27 
660  3.78  3.20  1.84  2.11  0.49  0.27 
661  3.79  3.19  1.83  2.12  0.50  0.27 
662  3.79  3.23  1.83  2.12  0.50  0.28 
663  3.79  3.19  1.84  2.11  0.50  0.28 
664  3.79  3.22  1.84  2.10  0.51  0.28 
665  3.78  3.22  1.84  2.10  0.51  0.28 
666  3.78  3.19  1.84  2.10  0.51  0.28 
667  3.78  3.17  1.84  2.11  0.54  0.29 
668  3.78  3.22  1.84  2.11  0.54  0.29 
669  3.78  3.21  1.84  2.12  0.54  0.29 
670  3.79  3.19  1.84  2.10  0.55  0.29 
671  3.78  3.18  1.84  2.10  0.56  0.30 
672  3.78  3.21  1.85  2.11  0.55  0.30 
673  3.79  3.18  1.84  2.12  0.56  0.30 
674  3.79  3.19  1.84  2.12  0.57  0.31 
675  3.79  3.20  1.84  2.12  0.56  0.31 
676  3.79  3.18  1.83  2.11  0.58  0.31 
677  3.79  3.19  1.84  2.11  0.58  0.31 
678  3.79  3.20  1.84  2.10  0.57  0.31 
679  3.79  3.17  1.84  2.11  0.59  0.32 
680  3.78  3.19  1.84  2.12  0.59  0.31 
681  3.79  3.19  1.84  2.12  0.58  0.32 
682  3.79  3.18  1.84  2.11  0.48  0.27 
683  3.79  3.19  1.84  2.10  0.48  0.27 
684  3.79  3.23  1.84  2.11  0.48  0.27 
685  3.79  3.17  1.84  2.12  0.49  0.28 
686  3.79  3.19  1.84  2.12  0.49  0.28 
687  3.79  3.19  1.85  2.12  0.50  0.28 
688  3.79  3.18  1.83  2.10  0.50  0.28 
689  3.79  3.23  1.82  2.10  0.51  0.28 
690  3.79  3.18  1.83  2.11  0.51  0.28 
691  3.79  3.22  1.82  2.11  0.54  0.29 
692  3.79  3.18  1.83  2.12  0.54  0.29 
693  3.79  3.19  1.83  2.12  0.53  0.29 
694  3.79  3.18  1.83  2.10  0.55  0.30 
695  3.79  3.18  1.82  2.11  0.55  0.30 
696  3.79  3.19  1.83  2.11  0.54  0.30 
697  3.79  3.22  1.82  2.11  0.56  0.30 
698  3.79  3.22  1.82  2.12  0.56  0.30 
699  3.79  3.18  1.82  2.12  0.55  0.30 
700  3.79  3.19  1.84  2.10  0.57  0.31 
701  3.79  3.22  1.84  2.10  0.57  0.31 
702  3.79  3.19  1.85  2.11  0.57  0.31 
703  3.79  3.18  1.84  2.10  0.58  0.31 
704  3.80  3.18  1.85  2.12  0.58  0.31 
705  3.79  3.19  1.84  2.11  0.57  0.32 
706  3.79  3.22  1.84  2.09  0.47  0.27 
707  3.79  3.22  1.84  2.11  0.48  0.27 
708  3.79  3.18  1.84  2.10  0.48  0.26 
709  3.79  3.19  1.84  2.11  0.49  0.27 
710  3.79  3.22  1.84  2.11  0.49  0.27 
711  3.79  3.19  1.85  2.12  0.49  0.27 
712  3.79  3.21  1.82  2.10  0.50  0.28 
713  3.79  3.18  1.82  2.11  0.50  0.28 
714  3.79  3.19  1.83  2.10  0.50  0.28 
715  3.82  3.17  1.82  2.11  0.53  0.28 
716  3.81  3.18  1.82  2.12  0.54  0.29 
717  3.79  3.18  1.83  2.11  0.53  0.28 
718  3.79  3.17  1.83  2.10  0.54  0.29 
719  3.79  3.22  1.82  2.10  0.54  0.29 
720  3.79  3.18  1.83  2.10  0.54  0.29 
721  3.80  3.17  1.82  2.11  0.55  0.30 
722  3.80  3.19  1.82  2.12  0.55  0.30 
723  3.79  3.18  1.83  2.12  0.55  0.30 
724  3.80  3.17  1.83  2.10  0.56  0.30 
725  3.79  3.19  1.83  2.11  0.56  0.31 
726  3.80  3.18  1.84  2.10  0.56  0.30 
727  3.80  3.17  1.83  2.10  0.57  0.31 
728  3.79  3.18  1.84  2.12  0.57  0.31 
729  3.79  3.19  1.83  2.12  0.57  0.31 
730  3.79  3.17  1.83  2.09  0.48  0.26 
731  3.79  3.18  1.83  2.11  0.48  0.27 
732  3.79  3.19  1.84  2.10  0.48  0.28 
733  3.79  3.17  1.83  2.10  0.49  0.28 
734  3.79  3.21  1.83  2.11  0.49  0.28 
735  3.79  3.22  1.83  2.11  0.49  0.28 
736  3.79  3.17  1.84  2.10  0.50  0.28 
737  3.79  3.17  1.83  2.10  0.50  0.28 
738  3.79  3.18  1.84  2.10  0.50  0.28 
739  3.79  3.17  1.84  2.13  0.53  0.29 
740  3.79  3.18  1.83  2.12  0.53  0.29 
741  3.79  3.18  1.84  2.11  0.52  0.29 
742  3.80  3.17  1.84  2.10  0.54  0.29 
743  3.79  3.21  1.84  2.10  0.54  0.29 
744  3.79  3.19  1.84  2.10  0.54  0.30 
745  3.80  3.18  1.84  2.11  0.55  0.30 
746  3.79  3.22  1.83  2.12  0.55  0.30 
747  3.80  3.18  1.84  2.12  0.54  0.30 
748  3.80  3.17  1.83  2.10  0.56  0.30 
749  3.80  3.17  1.83  2.10  0.56  0.30 
750  3.79  3.18  1.84  2.10  0.55  0.30 
751  3.80  3.22  1.83  2.11  0.57  0.31 
752  3.79  3.18  1.82  2.12  0.57  0.31 
753  3.79  3.19  1.84  2.11  0.56  0.31 
754  3.79  3.18  1.84  2.10  0.47  0.26 
755  3.79  3.18  1.83  2.10  0.47  0.26 
756  3.80  3.18  1.84  2.11  0.48  0.26 
757  3.80  3.16  1.83  2.10  0.49  0.26 
758  3.79  3.17  1.83  2.11  0.49  0.27 
759  3.80  3.17  1.84  2.11  0.48  0.27 
760  3.80  3.17  1.83  2.10  0.50  0.28 
761  3.79  3.18  1.83  2.10  0.50  0.28 
762  3.80  3.18  1.84  2.11  0.50  0.28 
763  3.80  3.18  1.83  2.10  0.52  0.29 
764  3.79  3.18  1.84  2.12  0.53  0.29 
765  3.79  3.18  1.84  2.12  0.52  0.29 
766  3.79  3.21  1.83  2.10  0.54  0.29 
767  3.80  3.18  1.83  2.10  0.54  0.29 
768  3.80  3.18  1.85  2.10  0.53  0.29 
769  3.80  3.21  1.82  2.11  0.55  0.30 
770  3.80  3.19  1.82  2.11  0.54  0.30 
771  3.80  3.22  1.83  2.11  0.54  0.30 
772  3.80  3.17  1.82  2.10  0.56  0.29 
773  3.80  3.18  1.83  2.10  0.56  0.30 
774  3.80  3.18  1.83  2.10  0.55  0.30 
775  3.80  3.17  1.83  2.11  0.57  0.30 
776  3.80  3.19  1.83  2.12  0.56  0.30 
777  3.80  3.19  1.83  2.11  0.56  0.30 
778  3.80  3.18  1.83  2.09  0.47  0.26 
779  3.80  3.22  1.83  2.10  0.47  0.26 
780  3.80  3.19  1.84  2.11  0.47  0.26 
781  3.80  3.18  1.83  2.11  0.48  0.26 
782  3.80  3.18  1.84  2.11  0.48  0.27 
783  3.80  3.19  1.85  2.11  0.49  0.27 
784  3.80  3.21  1.83  2.11  0.49  0.27 
785  3.80  3.21  1.82  2.10  0.50  0.28 
786  3.80  3.22  1.83  2.10  0.49  0.27 
787  3.80  3.17  1.82  2.11  0.52  0.28 
788  3.80  3.18  1.83  2.11  0.52  0.28 
789  3.80  3.22  1.83  2.11  0.52  0.28 
790  3.80  3.21  1.82  2.10  0.53  0.28 
791  3.80  3.18  1.82  2.10  0.53  0.28 
792  3.80  3.21  1.83  2.09  0.53  0.28 
793  3.80  3.17  1.82  2.11  0.54  0.29 
794  3.80  3.18  1.82  2.11  0.54  0.29 
795  3.80  3.19  1.83  2.11  0.54  0.29 
796  3.80  3.17  1.82  2.09  0.55  0.29 
797  3.80  3.22  1.82  2.10  0.55  0.29 
798  3.80  3.17  1.83  2.10  0.55  0.30 
799  3.80  3.17  1.82  2.11  0.57  0.30 
800  3.80  3.18  1.83  2.11  0.56  0.30 
801  3.80  3.18  1.83  2.11  0.55  0.30 
802  3.80  3.16  1.82  2.10  0.47  0.26 
803  3.80  3.17  1.82  2.10  0.48  0.26 
804  3.80  3.19  1.83  2.10  0.48  0.26 
805  3.80  3.16  1.83  2.11  0.48  0.26 
806  3.80  3.20  1.82  2.11  0.48  0.26 
807  3.80  3.17  1.83  2.11  0.48  0.26 
808  3.80  3.17  1.83  2.10  0.49  0.27 
809  3.79  3.17  1.82  2.10  0.49  0.27 
810  3.80  3.17  1.83  2.09  0.49  0.27 
811  3.80  3.21  1.83  2.11  0.52  0.27 
812  3.79  3.18  1.83  2.11  0.52  0.28 
813  3.79  3.17  1.83  2.11  0.51  0.28 
814  3.80  3.19  1.83  2.10  0.53  0.28 
815  3.79  3.17  1.83  2.10  0.53  0.28 
816  3.80  3.18  1.83  2.10  0.53  0.28 
817  3.79  3.19  1.83  2.10  0.53  0.29 
818  3.80  3.18  1.83  2.11  0.54  0.29 
819  3.80  3.18  1.83  2.10  0.53  0.29 
820  3.80  3.20  1.82  2.09  0.55  0.29 
821  3.80  3.18  1.82  2.10  0.55  0.29 
822  3.80  3.20  1.83  2.10  0.54  0.29 
823  3.80  3.21  1.82  2.11  0.55  0.29 
824  3.79  3.17  1.82  2.11  0.56  0.30 
825  3.80  3.17  1.82  2.10  0.55  0.30 
826  3.80  3.17  1.82  2.09  0.47  0.25 
827  3.80  3.20  1.82  2.11  0.47  0.26 
828  3.80  3.17  1.83  2.10  0.47  0.26 
829  3.80  3.16  1.82  2.10  0.47  0.26 
830  3.80  3.16  1.82  2.11  0.48  0.26 
831  3.80  3.18  1.83  2.11  0.48  0.26 
832  3.80  3.21  1.82  2.09  0.49  0.27 
833  3.80  3.17  1.83  2.09  0.49  0.27 
834  3.80  3.17  1.83  2.09  0.49  0.27 
835  3.80  3.19  1.83  2.10  0.51  0.27 
836  3.80  3.17  1.83  2.10  0.52  0.27 
837  3.80  3.22  1.83  2.10  0.51  0.27 
838  3.80  3.20  1.83  2.10  0.52  0.28 
839  3.80  3.16  1.83  2.09  0.52  0.28 
840  3.80  3.18  1.83  2.09  0.52  0.28 
841  3.80  3.19  1.83  2.10  0.53  0.28 
842  3.79  3.17  1.83  2.10  0.53  0.28 
843  3.80  3.17  1.83  2.10  0.53  0.28 
844  3.80  3.17  1.82  2.09  0.54  0.29 
845  3.80  3.16  1.82  2.10  0.54  0.29 
846  3.81  3.17  1.83  2.09  0.54  0.29 
847  3.80  3.16  1.83  2.10  0.55  0.29 
848  3.80  3.17  1.82  2.10  0.55  0.30 
849  3.80  3.17  1.83  2.10  0.55  0.30 
850  3.79  3.19  1.83  2.09  0.46  0.25 
851  3.80  3.17  1.82  2.10  0.47  0.26 
852  3.80  3.20  1.83  2.09  0.47  0.25 
853  3.80  3.16  1.82  2.11  0.48  0.26 
854  3.80  3.16  1.83  2.11  0.48  0.26 
855  3.80  3.18  1.83  2.10  0.48  0.26 
856  3.80  3.17  1.83  2.09  0.48  0.26 
857  3.80  3.16  1.83  2.10  0.49  0.26 
858  3.81  3.21  1.83  2.10  0.49  0.27 
859  3.80  3.16  1.83  2.10  0.51  0.27 
860  3.79  3.21  1.83  2.11  0.51  0.27 
861  3.80  3.21  1.83  2.10  0.51  0.27 
862  3.80  3.16  1.82  2.09  0.52  0.28 
863  3.80  3.17  1.82  2.09  0.52  0.27 
864  3.80  3.17  1.83  2.10  0.52  0.28 
865  3.80  3.17  1.83  2.10  0.53  0.28 
866  3.79  3.17  1.83  2.11  0.53  0.28 
867  3.80  3.17  1.83  2.11  0.53  0.28 
868  3.79  3.15  1.82  2.10  0.54  0.28 
869  3.79  3.17  1.82  2.09  0.54  0.28 
870  3.79  3.17  1.83  2.09  0.53  0.29 
871  3.79  3.19  1.82  2.10  0.55  0.29 
872  3.79  3.20  1.82  2.11  0.55  0.29 
873  3.79  3.17  1.82  2.10  0.54  0.29 
874  3.79  3.17  1.82  2.10  0.47  0.25 
875  3.79  3.21  1.82  2.09  0.47  0.26 
876  3.79  3.17  1.82  2.10  0.47  0.25 
877  3.79  3.17  1.82  2.11  0.47  0.26 
878  3.79  3.18  1.82  2.10  0.47  0.26 
879  3.79  3.16  1.82  2.10  0.48  0.26 
880  3.79  3.16  1.83  2.09  0.48  0.26 
881  3.79  3.17  1.83  2.09  0.49  0.26 
882  3.79  3.20  1.84  2.10  0.49  0.27 
883  3.79  3.19  1.83  2.10  0.51  0.27 
884  3.79  3.16  1.83  2.10  0.51  0.27 
885  3.79  3.17  1.83  2.11  0.51  0.27 
886  3.79  3.16  1.83  2.09  0.52  0.28 
887  3.79  3.16  1.83  2.10  0.52  0.28 
888  3.79  3.21  1.83  2.09  0.52  0.28 
889  3.79  3.18  1.83  2.10  0.53  0.28 
890  3.79  3.21  1.83  2.10  0.53  0.28 
891  3.79  3.18  1.84  2.11  0.52  0.28 
892  3.79  3.16  1.83  2.08  0.54  0.28 
893  3.79  3.16  1.82  2.09  0.54  0.29 
894  3.79  3.17  1.82  2.09  0.53  0.29 
895  3.81  3.17  1.83  2.10  0.54  0.29 
896  3.79  3.16  1.82  2.10  0.55  0.29 
897  3.79  3.21  1.83  2.10  0.54  0.29 
898  3.79  3.15  1.83  2.09  0.46  0.25 
899  3.79  3.21  1.83  2.09  0.46  0.25 
900  3.79  3.21  1.83  2.10  0.46  0.25 
901  3.79  3.17  1.83  2.10  0.47  0.25 
902  3.79  3.16  1.83  2.10  0.47  0.26 
903  3.79  3.21  1.83  2.10  0.47  0.26 
904  3.79  3.20  1.82  2.09  0.48  0.26 
905  3.79  3.16  1.82  2.09  0.48  0.26 
906  3.79  3.21  1.83  2.10  0.48  0.26 
907  3.79  3.20  1.83  2.10  0.50  0.27 
908  3.79  3.16  1.82  2.10  0.50  0.27 
909  3.79  3.16  1.83  2.10  0.50  0.27 
910  3.79  3.19  1.83  2.09  0.51  0.27 
911  3.79  3.16  1.83  2.09  0.52  0.27 
912  3.79  3.16  1.83  2.09  0.51  0.27 
913  3.79  3.17  1.83  2.10  0.52  0.27 
914  3.79  3.16  1.82  2.10  0.53  0.28 
915  3.81  3.16  1.82  2.10  0.52  0.28 
916  3.79  3.18  1.82  2.09  0.53  0.28 
917  3.79  3.21  1.82  2.09  0.53  0.28 
918  3.79  3.21  1.82  2.09  0.53  0.28 
919  3.79  3.19  1.82  2.11  0.54  0.28 
920  3.79  3.16  1.82  2.10  0.54  0.29 
921  3.79  3.16  1.82  2.10  0.53  0.29 
922  3.79  3.16  1.82  2.08  0.46  0.25 
923  3.79  3.17  1.82  2.09  0.46  0.25 
924  3.79  3.20  1.83  2.10  0.46  0.25 
925  3.81  3.17  1.82  2.09  0.47  0.25 
926  3.78  3.21  1.82  2.11  0.47  0.25 
927  3.79  3.17  1.83  2.11  0.47  0.26 
928  3.79  3.19  1.83  2.08  0.48  0.26 
929  3.79  3.16  1.83  2.09  0.48  0.26 
930  3.79  3.16  1.84  2.09  0.48  0.26 
931  3.79  3.19  1.83  2.10  0.50  0.27 
932  3.79  3.16  1.83  2.11  0.50  0.27 
933  3.79  3.17  1.84  2.10  0.50  0.27 
934  3.79  3.20  1.83  2.09  0.51  0.27 
935  3.79  3.16  1.83  2.09  0.51  0.27 
936  3.79  3.17  1.83  2.09  0.51  0.27 
937  3.79  3.20  1.83  2.10  0.52  0.27 
938  3.79  3.21  1.83  2.09  0.52  0.27 
939  3.79  3.16  1.84  2.10  0.52  0.28 
940  3.79  3.20  1.82  2.09  0.53  0.28 
941  3.79  3.21  1.82  2.09  0.53  0.28 
942  3.79  3.16  1.83  2.09  0.52  0.28 
943  3.79  3.17  1.82  2.10  0.54  0.28 
944  3.79  3.17  1.82  2.10  0.54  0.29 
945  3.79  3.21  1.83  2.10  0.53  0.29 
946  3.79  3.15  1.83  2.09  0.46  0.25 
947  3.79  3.17  1.82  2.09  0.46  0.25 
948  3.79  3.17  1.83  2.09  0.46  0.25 
949  3.79  3.16  1.82  2.11  0.47  0.25 
950  3.79  3.16  1.82  2.10  0.47  0.25 
951  3.79  3.16  1.83  2.10  0.47  0.25 
952  3.79  3.15  1.83  2.09  0.48  0.26 
953  3.79  3.17  1.84  2.09  0.48  0.26 
954  3.79  3.17  1.84  2.09  0.48  0.26 
955  3.79  3.15  1.83  2.09  0.50  0.26 
956  3.79  3.16  1.83  2.10  0.50  0.26 
957  3.79  3.16  1.84  2.10  0.50  0.26 
958  3.79  3.15  1.83  2.08  0.51  0.27 
959  3.79  3.20  1.83  2.09  0.51  0.27 
960  3.79  3.17  1.84  2.09  0.50  0.27 
961  3.79  3.16  1.83  2.10  0.52  0.27 
962  3.79  3.19  1.83  2.09  0.52  0.27 
963  3.79  3.16  1.83  2.09  0.51  0.27 
964  3.79  3.15  1.84  2.09  0.52  0.27 
965  3.79  3.16  1.84  2.09  0.53  0.27 
966  3.79  3.15  1.84  2.09  0.52  0.28 
967  3.79  3.16  1.84  2.10  0.53  0.28 
968  3.79  3.16  1.84  2.09  0.53  0.28 
969  3.79  3.17  1.84  2.09  0.53  0.28 
970  3.79  3.16  1.83  2.08  0.46  0.25 
971  3.79  3.15  1.83  2.08  0.46  0.25 
972  3.79  3.21  1.84  2.09  0.46  0.25 
973  3.79  3.16  1.84  2.10  0.47  0.25 
974  3.79  3.17  1.84  2.10  0.47  0.25 
975  3.79  3.19  1.85  2.10  0.47  0.25 
976  3.79  3.15  1.81  2.09  0.48  0.25 
977  3.79  3.16  1.81  2.09  0.48  0.25 
978  3.79  3.20  1.82  2.09  0.48  0.26 
979  3.79  3.20  1.81  2.09  0.50  0.26 
980  3.79  3.21  1.82  2.09  0.50  0.26 
981  3.79  3.21  1.82  2.10  0.50  0.26 
982  3.79  3.15  1.81  2.09  0.51  0.27 
983  3.79  3.16  1.82  2.09  0.51  0.27 
984  3.79  3.15  1.82  2.08  0.50  0.27 
985  3.79  3.19  1.82  2.09  0.52  0.27 
986  3.79  3.15  1.82  2.10  0.52  0.27 
987  3.79  3.16  1.82  2.09  0.51  0.27 
988  3.79  3.16  1.83  2.08  0.52  0.27 
989  3.79  3.20  1.83  2.08  0.52  0.28 
990  3.79  3.16  1.83  2.09  0.52  0.28 
991  3.79  3.17  1.83  2.09  0.53  0.28 
992  3.79  3.16  1.83  2.10  0.53  0.28 
993  3.79  3.16  1.83  2.09  0.53  0.28 
994  3.80  3.17  1.83  2.08  0.46  0.24 
995  3.78  3.15  1.82  2.09  0.46  0.25 
996  3.79  3.17  1.84  2.08  0.46  0.25 
997  3.79  3.16  1.83  2.09  0.47  0.25 
998  3.79  3.19  1.82  2.09  0.47  0.25 
999  3.79  3.20  1.84  2.09  0.47  0.25 
1000  3.79  3.19  1.82  2.09  0.48  0.25 
1001  3.78  3.18  1.82  2.09  0.48  0.26 
1002  3.79  3.16  1.83  2.10  0.48  0.25 
1003  3.79  3.20  1.82  2.10  0.50  0.26 
1004  3.79  3.16  1.82  2.10  0.50  0.26 
1005  3.79  3.19  1.83  2.10  0.49  0.26 
1006  3.79  3.20  1.82  2.08  0.51  0.26 
1007  3.79  3.20  1.82  2.09  0.51  0.26 
1008  3.78  3.15  1.83  2.09  0.50  0.27 
1009  3.79  3.16  1.82  2.10  0.51  0.27 
1010  3.79  3.16  1.82  2.10  0.51  0.27 
1011  3.78  3.16  1.83  2.10  0.51  0.27 
1012  3.78  3.15  1.82  2.08  0.52  0.27 
1013  3.78  3.20  1.82  2.08  0.52  0.27 
1014  3.78  3.20  1.83  2.09  0.52  0.28 
1015  3.78  3.14  1.82  2.10  0.53  0.28 
1016  3.78  3.16  1.82  2.10  0.53  0.27 
1017  3.78  3.17  1.83  2.09  0.52  0.28 
1018  3.78  3.15  1.82  2.09  0.46  0.25 
1019  3.78  3.15  1.81  2.09  0.46  0.25 
1020  3.78  3.16  1.82  2.09  0.46  0.25 
1021  3.78  3.16  1.82  2.10  0.46  0.25 
1022  3.78  3.15  1.82  2.10  0.46  0.25 
1023  3.78  3.15  1.83  2.09  0.47  0.25 
1024  3.79  3.15  1.82  2.08  0.47  0.25 
1025  3.78  3.17  1.83  2.09  0.47  0.25 
1026  3.78  3.18  1.83  2.09  0.47  0.26 
1027  3.78  3.15  1.83  2.08  0.49  0.26 
1028  3.78  3.15  1.83  2.10  0.50  0.26 
1029  3.78  3.16  1.83  2.09  0.49  0.26 
1030  3.78  3.16  1.83  2.09  0.50  0.26 
1031  3.78  3.20  1.83  2.09  0.51  0.27 
1032  3.78  3.20  1.83  2.09  0.50  0.26 
1033  3.78  3.16  1.82  2.11  0.51  0.27 
1034  3.78  3.15  1.83  2.10  0.51  0.27 
1035  3.78  3.20  1.83  2.10  0.51  0.27 
1036  3.78  3.16  1.83  2.09  0.52  0.27 
1037  3.78  3.16  1.82  2.09  0.52  0.27 
1038  3.78  3.16  1.83  2.08  0.51  0.27 
1039  3.78  3.19  1.82  2.09  0.52  0.27 
1040  3.78  3.16  1.83  2.09  0.52  0.28 
1041  3.78  3.16  1.83  2.10  0.52  0.28 
1042  3.78  3.16  1.83  2.08  0.46  0.24 
1043  3.78  3.18  1.82  2.09  0.46  0.24 
1044  3.78  3.20  1.83  2.09  0.46  0.24 
1045  3.78  3.15  1.83  2.09  0.46  0.24 
1046  3.78  3.20  1.83  2.08  0.46  0.25 
1047  3.78  3.16  1.83  2.09  0.46  0.25 
1048  3.78  3.16  1.82  2.09  0.47  0.25 
1049  3.80  3.18  1.83  2.09  0.47  0.25 
1050  3.78  3.16  1.82  2.09  0.48  0.25 
1051  3.78  3.15  1.83  2.09  0.49  0.25 
1052  3.78  3.17  1.83  2.10  0.50  0.26 
1053  3.78  3.15  1.83  2.09  0.49  0.26 
1054  3.78  3.15  1.83  2.09  0.50  0.26 
1055  3.78  3.19  1.83  2.09  0.50  0.26 
1056  3.78  3.16  1.83  2.09  0.50  0.26 
1057  3.78  3.18  1.82  2.09  0.51  0.26 
1058  3.78  3.16  1.82  2.10  0.51  0.26 
1059  3.78  3.16  1.83  2.09  0.50  0.26 
1060  3.78  3.19  1.81  2.07  0.51  0.27 
1061  3.78  3.18  1.82  2.09  0.51  0.27 
1062  3.79  3.17  1.82  2.09  0.51  0.27 
1063  3.78  3.16  1.82  2.09  0.52  0.27 
1064  3.78  3.19  1.82  2.09  0.52  0.27 
1065  3.78  3.15  1.82  2.10  0.52  0.27 
1066  3.79  3.18  1.82  2.08  0.45  0.24 
1067  3.78  3.15  1.81  2.09  0.45  0.24 
1068  3.78  3.15  1.83  2.09  0.46  0.24 
1069  3.80  3.15  1.82  2.09  0.46  0.25 
1070  3.78  3.15  1.82  2.09  0.46  0.25 
1071  3.78  3.15  1.82  2.09  0.46  0.25 
1072  3.78  3.16  1.83  2.09  0.47  0.25 
1073  3.78  3.16  1.83  2.09  0.47  0.25 
1074  3.78  3.16  1.83  2.09  0.47  0.25 
1075  3.78  3.16  1.83  2.09  0.49  0.25 
1076  3.78  3.15  1.83  2.10  0.49  0.25 
1077  3.78  3.18  1.83  2.10  0.49  0.26 
1078  3.78  3.15  1.83  2.08  0.50  0.26 
1079  3.78  3.15  1.83  2.09  0.50  0.26 
1080  3.78  3.16  1.83  2.09  0.50  0.26 
1081  3.78  3.19  1.83  2.10  0.51  0.26 
1082  3.78  3.15  1.83  2.10  0.51  0.26 
1083  3.78  3.15  1.83  2.09  0.51  0.26 
1084  3.78  3.16  1.83  2.09  0.52  0.27 
1085  3.78  3.16  1.83  2.08  0.51  0.27 
1086  3.78  3.16  1.83  2.08  0.51  0.27 
1087  3.78  3.18  1.83  2.09  0.52  0.27 
1088  3.79  3.18  1.83  2.10  0.52  0.27 
1089  3.78  3.16  1.83  2.09  0.52  0.27 
1090  3.78  3.16  1.83  2.08  0.45  0.24 
1091  3.78  3.14  1.83  2.09  0.45  0.24 
1092  3.78  3.16  1.84  2.08  0.45  0.24 
1093  3.78  3.16  1.83  2.09  0.46  0.24 
1094  3.78  3.15  1.83  2.10  0.46  0.25 
1095  3.78  3.15  1.83  2.09  0.46  0.25 
1096  3.79  3.16  1.83  2.08  0.47  0.25 
1097  3.78  3.16  1.83  2.09  0.47  0.25 
1098  3.78  3.16  1.83  2.09  0.47  0.25 
1099  3.78  3.15  1.83  2.09  0.49  0.25 
1100  3.78  3.16  1.82  2.10  0.49  0.25 
1101  3.78  3.16  1.83  2.09  0.49  0.25 
1102  3.78  3.17  1.83  2.08  0.50  0.26 
1103  3.78  3.15  1.83  2.09  0.50  0.26 
1104  3.78  3.20  1.83  2.09  0.49  0.26 
1105  3.78  3.18  1.83  2.09  0.50  0.26 
1106  3.78  3.16  1.83  2.09  0.50  0.26 
1107  3.78  3.15  1.83  2.10  0.50  0.27 
1108  3.78  3.16  1.82  2.08  0.51  0.26 
1109  3.78  3.17  1.82  2.09  0.51  0.27 
1110  3.78  3.15  1.82  2.09  0.51  0.27 
1111  3.78  3.19  1.82  2.09  0.52  0.27 
1112  3.78  3.15  1.82  2.09  0.52  0.27 
1113  3.78  3.15  1.83  2.09  0.51  0.27 
1114  3.78  3.16  1.82  2.08  0.45  0.24 
1115  3.78  3.15  1.82  2.08  0.46  0.24 
1116  3.78  3.20  1.83  2.09  0.45  0.24 
1117  3.78  3.17  1.82  2.09  0.46  0.24 
1118  3.78  3.16  1.82  2.10  0.46  0.25 
1119  3.78  3.15  1.82  2.10  0.46  0.25 
1120  3.78  3.18  1.83  2.08  0.47  0.25 
1121  3.78  3.16  1.83  2.08  0.47  0.25 
1122  3.78  3.15  1.84  2.08  0.47  0.25 
1123  3.78  3.17  1.83  2.09  0.49  0.25 
1124  3.78  3.15  1.83  2.10  0.49  0.25 
1125  3.78  3.16  1.83  2.09  0.48  0.25 
1126  3.78  3.16  1.83  2.09  0.49  0.26 
1127  3.78  3.16  1.83  2.09  0.49  0.26 
1128  3.78  3.15  1.83  2.08  0.49  0.26 
1129  3.78  3.16  1.83  2.09  0.50  0.26 
1130  3.78  3.15  1.83  2.09  0.50  0.26 
1131  3.78  3.15  1.84  2.09  0.50  0.26 
1132  3.78  3.16  1.82  2.08  0.51  0.26 
1133  3.78  3.15  1.83  2.09  0.51  0.27 
1134  3.78  3.18  1.83  2.08  0.51  0.27 
1135  3.78  3.15  1.82  2.09  0.51  0.27 
1136  3.78  3.15  1.82  2.09  0.51  0.27 
1137  3.78  3.16  1.83  2.08  0.51  0.27 
1138  3.78  3.15  1.82  2.08  0.45  0.24 
1139  3.78  3.18  1.82  2.08  0.45  0.24 
1140  3.78  3.15  1.83  2.08  0.45  0.24 
1141  3.79  3.16  1.82  2.08  0.46  0.24 
1142  3.78  3.15  1.82  2.09  0.46  0.24 
1143  3.78  3.15  1.82  2.09  0.46  0.24 
1144  3.78  3.16  1.82  2.08  0.47  0.25 
1145  3.78  3.18  1.82  2.09  0.47  0.25 
1146  3.78  3.16  1.82  2.08  0.47  0.25 
1147  3.78  3.17  1.82  2.10  0.48  0.25 
1148  3.78  3.15  1.82  2.10  0.49  0.25 
1149  3.78  3.20  1.82  2.10  0.48  0.25 
1150  3.78  3.17  1.82  2.08  0.49  0.25 
1151  3.78  3.20  1.82  2.08  0.49  0.26 
1152  3.78  3.16  1.82  2.08  0.49  0.26 
1153  3.78  3.15  1.82  2.08  0.50  0.26 
1154  3.78  3.15  1.82  2.09  0.50  0.26 
1155  3.78  3.16  1.82  2.10  0.50  0.26 
1156  3.78  3.16  1.82  2.08  0.51  0.26 
1157  3.78  3.14  1.82  2.08  0.51  0.26 
1158  3.78  3.15  1.82  2.09  0.51  0.26 
1159  3.78  3.18  1.82  2.09  0.51  0.27 
1160  3.78  3.15  1.82  2.09  0.51  0.27 
1161  3.78  3.14  1.82  2.09  0.51  0.27 
1162  3.79  3.15  1.82  2.08  0.45  0.24 
1163  3.78  3.15  1.82  2.09  0.45  0.24 
1164  3.78  3.20  1.82  2.09  0.45  0.24 
1165  3.78  3.15  1.82  2.08  0.46  0.24 
1166  3.78  3.15  1.82  2.09  0.46  0.24 
1167  3.78  3.16  1.82  2.09  0.46  0.24 
1168  3.78  3.18  1.82  2.08  0.46  0.25 
1169  3.78  3.14  1.82  2.08  0.47  0.25 
1170  3.78  3.19  1.82  2.07  0.47  0.25 
1171  3.78  3.16  1.82  2.09  0.48  0.25 
1172  3.78  3.19  1.82  2.09  0.49  0.25 
1173  3.78  3.15  1.82  2.08  0.48  0.25 
1174  3.78  3.15  1.82  2.08  0.49  0.26 
1175  3.78  3.17  1.82  2.08  0.49  0.26 
1176  3.78  3.15  1.83  2.08  0.49  0.26 
1177  3.78  3.16  1.82  2.10  0.50  0.26 
1178  3.78  3.15  1.82  2.09  0.50  0.26 
1179  3.78  3.16  1.83  2.09  0.50  0.26 
1180  3.78  3.18  1.83  2.07  0.51  0.26 
1181  3.78  3.15  1.82  2.08  0.51  0.26 
1182  3.78  3.14  1.83  2.09  0.50  0.26 
1183  3.78  3.15  1.83  2.09  0.51  0.27 
1184  3.78  3.15  1.83  2.09  0.51  0.27 
1185  3.78  3.15  1.83  2.09  0.51  0.27 
1186  3.78  3.15  1.83  2.08  0.45  0.24 
1187  3.79  3.18  1.82  2.08  0.45  0.24 
1188  3.78  3.15  1.83  2.09  0.45  0.24 
1189  3.78  3.16  1.82  2.08  0.46  0.24 
1190  3.78  3.18  1.82  2.09  0.46  0.24 
1191  3.78  3.19  1.83  2.10  0.46  0.24 
1192  3.78  3.17  1.82  2.07  0.46  0.24 
1193  3.78  3.15  1.82  2.08  0.46  0.24 
1194  3.78  3.15  1.82  2.09  0.46  0.25 
1195  3.78  3.17  1.82  2.09  0.48  0.25 
1196  3.79  3.15  1.82  2.09  0.48  0.25 
1197  3.78  3.15  1.82  2.09  0.48  0.25 
1198  3.78  3.17  1.82  2.08  0.49  0.25 
1199  3.78  3.18  1.82  2.08  0.49  0.25 
1200  3.78  3.18  1.82  2.09  0.49  0.25 
1201  3.79  3.15  1.82  2.09  0.50  0.26 
1202  3.78  3.18  1.82  2.09  0.50  0.26 
1203  3.78  3.17  1.82  2.09  0.49  0.26 
1204  3.78  3.16  1.82  2.08  0.50  0.26 
1205  3.78  3.18  1.82  2.08  0.50  0.26 
1206  3.78  3.15  1.82  2.08  0.50  0.26 
1207  3.78  3.16  1.82  2.09  0.51  0.26 
1208  3.78  3.15  1.82  2.09  0.51  0.26 
1209  3.78  3.14  1.82  2.09  0.50  0.27 
1210  3.78  3.14  1.81  2.08  0.45  0.24 
1211  3.78  3.14  1.81  2.08  0.45  0.24 
1212  3.78  3.14  1.82  2.08  0.45  0.24 
1213  3.78  3.15  1.82  2.09  0.46  0.24 
1214  3.78  3.16  1.82  2.10  0.46  0.24 
1215  3.78  3.15  1.82  2.09  0.46  0.24 
1216  3.78  3.16  1.82  2.08  0.46  0.25 
1217  3.78  3.15  1.82  2.08  0.46  0.25 
1218  3.79  3.15  1.82  2.08  0.46  0.25 
1219  3.79  3.14  1.82  2.08  0.48  0.25 
1220  3.78  3.14  1.82  2.08  0.48  0.25 
1221  3.78  3.18  1.82  2.09  0.48  0.25 
1222  3.79  3.15  1.82  2.08  0.49  0.25 
1223  3.78  3.15  1.82  2.08  0.49  0.25 
1224  3.79  3.18  1.83  2.08  0.49  0.25 
1225  3.78  3.15  1.82  2.09  0.50  0.26 
1226  3.78  3.15  1.82  2.09  0.50  0.26 
1227  3.79  3.15  1.82  2.08  0.49  0.25 
1228  3.79  3.18  1.82  2.08  0.50  0.26 
1229  3.79  3.15  1.82  2.06  0.50  0.26 
1230  3.79  3.15  1.82  2.08  0.50  0.26 
1231  3.79  3.15  1.82  2.08  0.51  0.27 
1232  3.79  3.14  1.82  2.07  0.51  0.26 
1233  3.79  3.16  1.82  2.09  0.51  0.26 
1234  3.79  3.15  1.82  2.08  0.45  0.24 
1235  3.79  3.15  1.82  2.07  0.45  0.24 
1236  3.79  3.15  1.82  2.08  0.45  0.24 
1237  3.79  3.15  1.82  2.09  0.46  0.24 
1238  3.79  3.16  1.81  2.06  0.46  0.24 
1239  3.79  3.15  1.82  2.09  0.46  0.24 
1240  3.79  3.15  1.82  2.07  0.46  0.24 
1241  3.79  3.14  1.82  2.07  0.46  0.24 
1242  3.79  3.16  1.82  2.08  0.47  0.25 
1243  3.79  3.17  1.82  2.09  0.48  0.25 
1244  3.78  3.14  1.82  2.09  0.48  0.25 
1245  3.79  3.15  1.82  2.09  0.48  0.25 
1246  3.78  3.15  1.82  2.08  0.49  0.25 
1247  3.79  3.17  1.82  2.08  0.49  0.25 
1248  3.79  3.16  1.82  2.08  0.48  0.25 
1249  3.79  3.15  1.82  2.08  0.49  0.26 
1250  3.79  3.15  1.82  2.09  0.49  0.26 
1251  3.79  3.15  1.82  2.08  0.49  0.26 
1252  3.79  3.15  1.83  2.08  0.50  0.26 
1253  3.78  3.15  1.83  2.08  0.50  0.26 
1254  3.78  3.14  1.83  2.08  0.50  0.26 
1255  3.79  3.15  1.83  2.09  0.50  0.26 
1256  3.79  3.14  1.83  2.09  0.51  0.26 
1257  3.79  3.16  1.84  2.09  0.50  0.27 
1258  3.79  3.17  1.83  2.08  0.45  0.24 
1259  3.79  3.19  1.84  2.08  0.45  0.24 
1260  3.79  3.15  1.84  2.08  0.45  0.24 
1261  3.79  3.14  1.83  2.08  0.45  0.24 
1262  3.78  3.17  1.83  2.09  0.45  0.24 
1263  3.79  3.14  1.83  2.10  0.46  0.24 
1264  3.78  3.17  1.83  2.08  0.46  0.24 
1265  3.79  3.14  1.83  2.08  0.46  0.24 
1266  3.79  3.15  1.83  2.08  0.46  0.24 
1267  3.79  3.15  1.82  2.09  0.48  0.25 
1268  3.80  3.15  1.83  2.09  0.48  0.25 
1269  3.79  3.15  1.83  2.09  0.48  0.25 
1270  3.81  3.15  1.82  2.07  0.49  0.25 
1271  3.79  3.14  1.83  2.08  0.49  0.25 
1272  3.79  3.15  1.83  2.07  0.48  0.25 
1273  3.78  3.17  1.83  2.08  0.49  0.25 
1274  3.78  3.15  1.82  2.08  0.49  0.26 
1275  3.79  3.18  1.83  2.09  0.49  0.25 
1276  3.79  3.15  1.83  2.08  0.50  0.26 
1277  3.79  3.14  1.83  2.08  0.50  0.26 
1278  3.79  3.14  1.83  2.08  0.49  0.26 
1279  3.79  3.15  1.83  2.09  0.50  0.26 
1280  3.79  3.14  1.83  2.09  0.50  0.26 
1281  3.79  3.15  1.83  2.09  0.50  0.26 
1282  3.79  3.14  1.83  2.08  0.45  0.23 
1283  3.79  3.18  1.83  2.08  0.45  0.23 
1284  3.79  3.15  1.83  2.08  0.45  0.23 
1285  3.79  3.15  1.83  2.09  0.45  0.24 
1286  3.79  3.14  1.83  2.08  0.45  0.24 
1287  3.79  3.15  1.82  2.09  0.45  0.24 
1288  3.79  3.15  1.82  2.08  0.46  0.25 
1289  3.79  3.17  1.83  2.09  0.46  0.25 
1290  3.80  3.15  1.82  2.10  0.46  0.25 
1291  3.79  3.15  1.83  2.09  0.48  0.25 
1292  3.79  3.15  1.83  2.10  0.48  0.25 
1293  3.79  3.15  1.83  2.09  0.48  0.26 
1294  3.79  3.17  1.83  2.08  0.48  0.26 
1295  3.79  3.15  1.83  2.08  0.49  0.26 
1296  3.79  3.19  1.83  2.08  0.48  0.26 
1297  3.79  3.15  1.83  2.09  0.49  0.26 
1298  3.79  3.14  1.82  2.09  0.49  0.26 
1299  3.79  3.15  1.83  2.08  0.49  0.26 
1300  3.79  3.16  1.82  2.07  0.50  0.26 
1301  3.79  3.15  1.82  2.07  0.50  0.26 
1302  3.79  3.14  1.82  2.08  0.49  0.26 
1303  3.79  3.15  1.82  2.08  0.50  0.26 
1304  3.79  3.15  1.82  2.08  0.50  0.26 
1305  3.79  3.15  1.82  2.09  0.50  0.26 
1306  3.79  3.14  1.82  2.08  0.45  0.23 
1307  3.79  3.18  1.82  2.08  0.45  0.24 
1308  3.79  3.15  1.82  2.08  0.45  0.24 
1309  3.79  3.15  1.82  2.09  0.45  0.24 
1310  3.79  3.15  1.82  2.09  0.45  0.24 
1311  3.79  3.14  1.82  2.10  0.45  0.24 
1312  3.79  3.17  1.83  2.09  0.46  0.24 
1313  3.79  3.15  1.83  2.08  0.46  0.24 
1314  3.79  3.18  1.83  2.09  0.46  0.24 
1315  3.79  3.14  1.83  2.09  0.48  0.24 
1316  3.78  3.14  1.83  2.10  0.48  0.24 
1317  3.79  3.14  1.83  2.09  0.48  0.24 
1318  3.79  3.15  1.83  2.07  0.48  0.25 
1319  3.79  3.15  1.83  2.08  0.48  0.25 
1320  3.79  3.15  1.83  2.08  0.48  0.25 
1321  3.79  3.15  1.83  2.08  0.49  0.25 
1322  3.79  3.15  1.83  2.10  0.49  0.25 
1323  3.79  3.14  1.83  2.08  0.48  0.25 
1324  3.79  3.14  1.83  2.08  0.49  0.26 
1325  3.79  3.13  1.83  2.08  0.49  0.25 
1326  3.79  3.17  1.83  2.08  0.49  0.26 
1327  3.79  3.15  1.83  2.08  0.50  0.26 
1328  3.79  3.14  1.83  2.09  0.50  0.26 
1329  3.79  3.14  1.83  2.09  0.50  0.26 
1330  3.79  3.15  1.83  2.08  0.45  0.23 
1331  3.78  3.15  1.83  2.08  0.45  0.23 
1332  3.79  3.16  1.83  2.09  0.45  0.23 
1333  3.79  3.15  1.83  2.09  0.45  0.23 
1334  3.79  3.15  1.83  2.09  0.45  0.24 
1335  3.79  3.15  1.83  2.09  0.45  0.24 
1336  3.79  3.17  1.83  2.08  0.46  0.24 
1337  3.78  3.15  1.83  2.08  0.46  0.24 
1338  3.79  3.15  1.83  2.08  0.46  0.24 
1339  3.79  3.17  1.83  2.09  0.47  0.24 
1340  3.79  3.18  1.83  2.08  0.48  0.24 
1341  3.79  3.15  1.83  2.08  0.47  0.24 
1342  3.79  3.15  1.82  2.08  0.48  0.25 
1343  3.79  3.16  1.83  2.08  0.48  0.25 
1344  3.79  3.18  1.83  2.08  0.48  0.25 
1345  3.79  3.15  1.83  2.09  0.49  0.25 
1346  3.79  3.18  1.83  2.09  0.49  0.25 
1347  3.79  3.14  1.83  2.08  0.48  0.25 
1348  3.79  3.17  1.81  2.08  0.49  0.25 
1349  3.79  3.15  1.82  2.08  0.50  0.25 
1350  3.79  3.14  1.82  2.08  0.49  0.25 
1351  3.80  3.14  1.82  2.09  0.50  0.26 
1352  3.79  3.14  1.82  2.09  0.50  0.26 
1353  3.79  3.19  1.82  2.09  0.50  0.26 
1354  3.80  3.16  1.82  2.08  0.45  0.23 
1355  3.79  3.15  1.82  2.08  0.45  0.23 
1356  3.79  3.15  1.82  2.08  0.45  0.24 
1357  3.79  3.17  1.82  2.09  0.45  0.24 
1358  3.79  3.14  1.82  2.08  0.45  0.24 
1359  3.79  3.14  1.82  2.08  0.46  0.24 
1360  3.79  3.14  1.83  2.08  0.46  0.24 
1361  3.79  3.14  1.83  2.07  0.46  0.24 
1362  3.79  3.15  1.83  2.08  0.46  0.24 
1363  3.80  3.15  1.83  2.08  0.48  0.24 
1364  3.78  3.14  1.83  2.09  0.48  0.24 
1365  3.79  3.16  1.83  2.09  0.47  0.24 
1366  3.80  3.15  1.83  2.08  0.48  0.25 
1367  3.80  3.15  1.83  2.09  0.48  0.25 
1368  3.79  3.14  1.83  2.07  0.48  0.25 
1369  3.79  3.14  1.83  2.09  0.49  0.25 
1370  3.79  3.14  1.83  2.09  0.49  0.25 
1371  3.79  3.15  1.83  2.09  0.49  0.25 
1372  3.79  3.17  1.83  2.08  0.49  0.26 
1373  3.79  3.14  1.82  2.08  0.50  0.25 
1374  3.79  3.16  1.83  2.08  0.49  0.25 
1375  3.79  3.15  1.83  2.08  0.50  0.25 
1376  3.79  3.18  1.83  2.08  0.50  0.26 
1377  3.79  3.15  1.83  2.09  0.50  0.26 
1378  3.79  3.15  1.83  2.07  0.45  0.23 
1379  3.80  3.14  1.83  2.08  0.45  0.23 
1380  3.80  3.17  1.83  2.08  0.45  0.23 
1381  3.82  3.15  1.82  2.08  0.45  0.23 
1382  3.80  3.14  1.83  2.08  0.46  0.23 
1383  3.80  3.15  1.83  2.08  0.46  0.24 
1384  3.81  3.15  1.82  2.08  0.46  0.24 
1385  3.82  3.15  1.83  2.08  0.46  0.24 
1386  3.82  3.15  1.83  2.08  0.46  0.24 
1387  3.82  3.16  1.83  2.09  0.48  0.24 
1388  3.83  3.15  1.82  2.09  0.48  0.24 
1389  3.82  3.17  1.83  2.08  0.48  0.24 
1390  3.82  3.15  1.82  2.07  0.48  0.24 
1391  3.81  3.15  1.82  2.08  0.48  0.24 
1392  3.83  3.17  1.83  2.08  0.48  0.24 
1393  3.82  3.14  1.82  2.09  0.49  0.25 
1394  3.84  3.15  1.83  2.09  0.49  0.25 
1395  3.82  3.16  1.82  2.08  0.49  0.25 
1396  3.83  3.15  1.83  2.08  0.49  0.25 
1397  3.82  3.14  1.83  2.08  0.49  0.25 
1398  3.83  3.16  1.84  2.07  0.49  0.25 
1399  3.82  3.15  1.83  2.08  0.50  0.25 
1400  3.82  3.15  1.83  2.08  0.50  0.25 
1401  3.82  3.15  1.84  2.09  0.50  0.26 
1402  3.81  3.15  1.84  2.08  0.45  0.23 
1403  3.80  3.13  1.83  2.08  0.45  0.23 
1404  3.80  3.16  1.84  2.08  0.45  0.23 
1405  3.80  3.14  1.83  2.09  0.46  0.24 
1406  3.80  3.14  1.83  2.09  0.46  0.23 
1407  3.79  3.15  1.84  2.09  0.46  0.23 
1408  3.79  3.15  1.82  2.07  0.46  0.24 
1409  3.80  3.14  1.82  2.08  0.46  0.24 
1410  3.79  3.16  1.83  2.08  0.46  0.24 
1411  3.80  3.14  1.82  2.09  0.48  0.24 
1412  3.79  3.15  1.82  2.08  0.48  0.24 
1413  3.82  3.15  1.82  2.08  0.47  0.24 
1414  3.80  3.15  1.82  2.07  0.48  0.24 
1415  3.80  3.15  1.82  2.08  0.48  0.24 
1416  3.81  3.15  1.83  2.08  0.48  0.25 
1417  3.79  3.15  1.82  2.08  0.49  0.25 
1418  3.81  3.14  1.82  2.08  0.49  0.25 
1419  3.80  3.16  1.82  2.09  0.49  0.25 
1420  3.81  3.16  1.82  2.07  0.49  0.25 
1421  3.80  3.14  1.82  2.08  0.49  0.25 
1422  3.80  3.16  1.83  2.08  0.49  0.25 
1423  3.81  3.14  1.83  2.09  0.50  0.25 
1424  3.82  3.14  1.83  2.08  0.50  0.25 
1425  3.82  3.17  1.83  2.08  0.50  0.25 
1426  3.82  3.15  1.83  2.07  0.45  0.23 
1427  3.81  3.16  1.82  2.08  0.45  0.23 
1428  3.82  3.15  1.83  2.08  0.45  0.23 
1429  3.81  3.14  1.83  2.08  0.45  0.23 
1430  3.82  3.14  1.82  2.09  0.45  0.23 
1431  3.80  3.16  1.83  2.09  0.45  0.23 
1432  3.80  3.14  1.83  2.07  0.46  0.24 
1433  3.80  3.13  1.83  2.08  0.46  0.24 
1434  3.79  3.18  1.83  2.08  0.46  0.24 
1435  3.79  3.15  1.83  2.09  0.47  0.24 
1436  3.79  3.14  1.83  2.08  0.48  0.24 
1437  3.81  3.15  1.83  2.09  0.47  0.24 
1438  3.79  3.15  1.83  2.08  0.48  0.24 
1439  3.79  3.16  1.83  2.08  0.48  0.24 
1440  3.79  3.15  1.83  2.08  0.48  0.24 
1441  3.79  3.15  1.83  2.09  0.49  0.25 
1442  3.79  3.14  1.83  2.09  0.49  0.25 
1443  3.79  3.14  1.83  2.09  0.48  0.24 
1444  3.79  3.16  1.83  2.08  0.49  0.25 
1445  3.81  3.14  1.83  2.08  0.49  0.25 
1446  3.79  3.16  1.83  2.08  0.49  0.25 
1447  3.79  3.17  1.83  2.08  0.50  0.25 
1448  3.79  3.14  1.83  2.08  0.50  0.25 
1449  3.80  3.15  1.83  2.08  0.49  0.25 
1450  3.79  3.14  1.83  2.08  0.45  0.23 
1451  3.79  3.18  1.83  2.08  0.45  0.23 
1452  3.79  3.16  1.83  2.08  0.45  0.23 
1453  3.79  3.15  1.83  2.08  0.45  0.23 
1454  3.79  3.16  1.83  2.08  0.45  0.23 
1455  3.79  3.16  1.83  2.08  0.45  0.23 
1456  3.79  3.14  1.82  2.07  0.46  0.24 
1457  3.79  3.16  1.82  2.08  0.47  0.24 
1458  3.79  3.16  1.83  2.08  0.46  0.24 
1459  3.83  3.14  1.83  2.08  0.47  0.24 
1460  3.79  3.13  1.82  2.08  0.48  0.24 
1461  3.79  3.14  1.83  2.08  0.47  0.24 
1462  3.79  3.14  1.82  2.08  0.48  0.24 
1463  3.79  3.14  1.83  2.08  0.48  0.24 
1464  3.79  3.15  1.83  2.08  0.48  0.24 
1465  3.79  3.17  1.82  2.08  0.49  0.25 
1466  3.79  3.14  1.82  2.09  0.49  0.25 
1467  3.82  3.18  1.83  2.08  0.49  0.24 
1468  3.82  3.15  1.82  2.08  0.49  0.25 
1469  3.83  3.17  1.82  2.08  0.49  0.25 
1470  3.82  3.16  1.82  2.08  0.48  0.25 
1471  3.80  3.15  1.82  2.07  0.50  0.25 
1472  3.80  3.16  1.82  2.09  0.49  0.25 
1473  3.79  3.16  1.82  2.08  0.49  0.25 
1474  3.79  3.15  1.82  2.07  0.44  0.23 
1475  3.79  3.14  1.82  2.07  0.44  0.23 
1476  3.79  3.15  1.82  2.08  0.45  0.23 
1477  3.79  3.15  1.82  2.09  0.45  0.23 
1478  3.78  3.15  1.82  2.09  0.45  0.23 
1479  3.79  3.15  1.82  2.08  0.45  0.23 
1480  3.79  3.14  1.82  2.07  0.46  0.23 
1481  3.79  3.14  1.82  2.07  0.46  0.23 
1482  3.79  3.15  1.83  2.08  0.46  0.24 
1483  3.82  3.15  1.82  2.08  0.47  0.24 
1484  3.79  3.14  1.82  2.09  0.47  0.24 
1485  3.79  3.18  1.83  2.08  0.47  0.24 
1486  3.79  3.15  1.83  2.08  0.48  0.24 
1487  3.79  3.14  1.82  2.08  0.48  0.24 
1488  3.79  3.16  1.83  2.08  0.47  0.24 
1489  3.79  3.17  1.82  2.09  0.48  0.24 
1490  3.79  3.14  1.82  2.08  0.48  0.25 
1491  3.79  3.16  1.83  2.08  0.48  0.25 
1492  3.79  3.14  1.82  2.07  0.49  0.25 
1493  3.79  3.13  1.83  2.09  0.49  0.25 
1494  3.79  3.15  1.83  2.08  0.49  0.25 
1495  3.81  3.17  1.83  2.08  0.49  0.25 
1496  3.79  3.14  1.82  2.08  0.50  0.25 
1497  3.80  3.14  1.83  2.08  0.49  0.25 
1498  3.80  3.17  1.82  2.07  0.44  0.23 
1499  3.79  3.14  1.82  2.08  0.45  0.23 
1500  3.79  3.16  1.83  2.08  0.45  0.23 
1501  3.80  3.15  1.83  2.09  0.45  0.23 
1502  3.79  3.14  1.83  2.09  0.45  0.23 
1503  3.79  3.15  1.83  2.08  0.45  0.23 
1504  3.79  3.14  1.82  2.08  0.45  0.23 
1505  3.79  3.15  1.82  2.08  0.46  0.23 
1506  3.78  3.14  1.83  2.07  0.46  0.23 
1507  3.78  3.14  1.82  2.08  0.47  0.24 
1508  3.78  3.15  1.82  2.08  0.47  0.24 
1509  3.78  3.15  1.82  2.08  0.47  0.24 
1510  3.78  3.15  1.82  2.07  0.48  0.24 
1511  3.80  3.15  1.82  2.07  0.48  0.24 
1512  3.78  3.15  1.82  2.08  0.47  0.24 
1513  3.78  3.16  1.82  2.08  0.48  0.24 
1514  3.78  3.16  1.82  2.09  0.48  0.25 
1515  3.78  3.15  1.82  2.08  0.48  0.24 
1516  3.78  3.13  1.83  2.08  0.49  0.25 
1517  3.79  3.14  1.82  2.08  0.49  0.25 
1518  3.78  3.14  1.82  2.08  0.49  0.25 
1519  3.78  3.15  1.82  2.09  0.49  0.25 
1520  3.78  3.13  1.82  2.09  0.49  0.25 
1521  3.78  3.15  1.82  2.08  0.49  0.25 
1522  3.79  3.14  1.82  2.07  0.44  0.23 
1523  3.78  3.14  1.82  2.08  0.45  0.23 
1524  3.78  3.15  1.82  2.08  0.44  0.23 
1525  3.78  3.14  1.82  2.08  0.45  0.23 
1526  3.79  3.14  1.82  2.09  0.45  0.23 
1527  3.79  3.15  1.83  2.08  0.45  0.23 
1528  3.79  3.16  1.82  2.08  0.45  0.23 
1529  3.79  3.15  1.82  2.08  0.46  0.23 
1530  3.79  3.17  1.82  2.08  0.46  0.24 
1531  3.81  3.14  1.82  2.08  0.47  0.23 
1532  3.80  3.15  1.82  2.08  0.47  0.24 
1533  3.79  3.16  1.82  2.09  0.47  0.24 
1534  3.79  3.14  1.82  2.08  0.48  0.24 
1535  3.79  3.14  1.82  2.08  0.48  0.24 
1536  3.82  3.16  1.82  2.08  0.48  0.24 
1537  3.82  3.16  1.82  2.08  0.48  0.24 
1538  3.82  3.16  1.82  2.08  0.48  0.24 
1539  3.82  3.15  1.82  2.08  0.48  0.24 
1540  3.78  3.14  1.83  2.08  0.48  0.25 
1541  3.79  3.15  1.83  2.08  0.48  0.25 
1542  3.79  3.14  1.83  2.07  0.48  0.25 
1543  3.80  3.14  1.83  2.08  0.50  0.25 
1544  3.79  3.15  1.83  2.08  0.49  0.25 
1545  3.80  3.14  1.82  2.08  0.49  0.25 
1546  3.79  3.14  1.83  2.08  0.44  0.23 
1547  3.79  3.15  1.82  2.08  0.45  0.23 
1548  3.79  3.14  1.83  2.08  0.45  0.23 
1549  3.79  3.16  1.83  2.08  0.45  0.23 
1550  3.78  3.14  1.82  2.08  0.45  0.23 
1551  3.79  3.14  1.83  2.08  0.45  0.23 
1552  3.78  3.14  1.82  2.09  0.46  0.23 
1553  3.79  3.14  1.82  2.08  0.46  0.23 
1554  3.79  3.14  1.83  2.08  0.46  0.23 
1555  3.79  3.14  1.83  2.08  0.47  0.24 
1556  3.78  3.15  1.82  2.08  0.47  0.24 
1557  3.80  3.16  1.82  2.08  0.47  0.24 
1558  3.79  3.14  1.82  2.07  0.47  0.24 
1559  3.79  3.15  1.82  2.08  0.47  0.24 
1560  3.78  3.15  1.83  2.07  0.47  0.24 
1561  3.79  3.16  1.82  2.08  0.48  0.24 
1562  3.78  3.14  1.82  2.09  0.48  0.24 
1563  3.78  3.14  1.82  2.09  0.48  0.24 
1564  3.78  3.15  1.83  2.08  0.48  0.25 
1565  3.82  3.14  1.83  2.08  0.49  0.25 
1566  3.80  3.15  1.83  2.07  0.48  0.25 
1567  3.81  3.14  1.83  2.08  0.49  0.25 
1568  3.80  3.13  1.83  2.08  0.49  0.25 
1569  3.80  3.14  1.83  2.08  0.49  0.25 
1570  3.81  3.15  1.83  2.08  0.44  0.23 
1571  3.78  3.15  1.83  2.08  0.44  0.23 
1572  3.78  3.15  1.83  2.08  0.44  0.23 
1573  3.78  3.14  1.83  2.08  0.45  0.23 
1574  3.78  3.13  1.83  2.08  0.45  0.23 
1575  3.78  3.15  1.83  2.08  0.45  0.23 
1576  3.78  3.15  1.82  2.07  0.46  0.23 
1577  3.78  3.14  1.81  2.08  0.46  0.23 
1578  3.78  3.15  1.82  2.08  0.46  0.23 
1579  3.78  3.14  1.82  2.08  0.47  0.23 
1580  3.78  3.13  1.82  2.08  0.47  0.24 
1581  3.80  3.14  1.82  2.08  0.47  0.24 
1582  3.78  3.14  1.82  2.08  0.47  0.24 
1583  3.78  3.14  1.82  2.07  0.48  0.24 
1584  3.78  3.15  1.82  2.07  0.47  0.24 
1585  3.79  3.17  1.82  2.08  0.48  0.24 
1586  3.78  3.18  1.82  2.08  0.48  0.24 
1587  3.78  3.15  1.82  2.08  0.48  0.24 
1588  3.81  3.15  1.82  2.08  0.48  0.24 
1589  3.78  3.15  1.82  2.08  0.48  0.24 
1590  3.78  3.15  1.83  2.08  0.48  0.24 
1591  3.78  3.14  1.82  2.07  0.49  0.25 
1592  3.78  3.14  1.82  2.09  0.48  0.25 
1593  3.78  3.15  1.83  2.08  0.48  0.25 
1594  3.78  3.16  1.83  2.07  0.44  0.23 
1595  3.78  3.14  1.82  2.07  0.44  0.23 
1596  3.78  3.15  1.83  2.08  0.44  0.23 
1597  3.78  3.15  1.82  2.08  0.45  0.23 
1598  3.78  3.16  1.82  2.08  0.45  0.23 
1599  3.78  3.18  1.83  2.08  0.45  0.23 
1600  3.78  3.15  1.82  2.08  0.45  0.23 
1601  3.78  3.15  1.82  2.08  0.46  0.23 
1602  3.78  3.15  1.82  2.08  0.46  0.23 
1603  3.82  3.14  1.82  2.08  0.47  0.23 
1604  3.78  3.14  1.82  2.08  0.47  0.23 
1605  3.81  3.15  1.82  2.08  0.47  0.24 
1606  3.78  3.14  1.82  2.08  0.47  0.24 
1607  3.78  3.14  1.82  2.07  0.48  0.24 
1608  3.78  3.15  1.82  2.08  0.47  0.24 
1609  3.78  3.14  1.82  2.08  0.48  0.24 
1610  3.78  3.14  1.82  2.08  0.48  0.24 
1611  3.78  3.19  1.82  2.09  0.48  0.24 
1612  3.78  3.14  1.82  2.07  0.48  0.24 
1613  3.79  3.17  1.82  2.07  0.48  0.25 
1614  3.78  3.17  1.82  2.08  0.48  0.25 
1615  3.78  3.14  1.82  2.08  0.49  0.24 
1616  3.78  3.14  1.82  2.08  0.49  0.25 
1617  3.78  3.14  1.82  2.08  0.49  0.25 
1618  3.81  3.14  1.82  2.08  0.44  0.23 
1619  3.79  3.15  1.82  2.08  0.44  0.22 
1620  3.78  3.15  1.83  2.07  0.44  0.22 
1621  3.79  3.14  1.82  2.08  0.45  0.23 
1622  3.78  3.14  1.82  2.08  0.45  0.23 
1623  3.78  3.15  1.82  2.07  0.45  0.23 
1624  3.79  3.14  1.82  2.08  0.45  0.23 
1625  3.80  3.15  1.82  2.08  0.45  0.23 
1626  3.82  3.15  1.82  2.07  0.45  0.23 
1627  3.80  3.14  1.82  2.08  0.47  0.23 
1628  3.80  3.15  1.82  2.08  0.47  0.23 
1629  3.81  3.15  1.82  2.08  0.46  0.23 
1630  3.84  3.14  1.82  2.07  0.47  0.24 
1631  3.81  3.13  1.82  2.08  0.47  0.24 
1632  3.80  3.16  1.82  2.07  0.47  0.24 
1633  3.81  3.14  1.82  2.08  0.48  0.24 
1634  3.80  3.14  1.82  2.08  0.48  0.24 
1635  3.80  3.14  1.82  2.09  0.47  0.24 
1636  3.81  3.15  1.83  2.08  0.48  0.24 
1637  3.80  3.14  1.83  2.08  0.48  0.24 
1638  3.81  3.14  1.84  2.08  0.48  0.24 
1639  3.82  3.14  1.83  2.09  0.49  0.24 
1640  3.80  3.16  1.83  2.09  0.49  0.24 
1641  3.81  3.15  1.84  2.08  0.48  0.24 
1642  3.81  3.14  1.83  2.08  0.44  0.23 
1643  3.84  3.13  1.83  2.08  0.44  0.23 
1644  3.83  3.15  1.84  2.08  0.44  0.23 
1645  3.83  3.14  1.83  2.08  0.45  0.23 
1646  3.81  3.13  1.83  2.09  0.45  0.23 
1647  3.81  3.17  1.84  2.08  0.45  0.23 
1648  3.80  3.15  1.82  2.07  0.45  0.23 
1649  3.81  3.14  1.82  2.08  0.45  0.23 
1650  3.81  3.15  1.82  2.08  0.45  0.23 
1651  3.80  3.13  1.82  2.08  0.47  0.23 
1652  3.79  3.15  1.82  2.08  0.47  0.23 
1653  3.79  3.16  1.82  2.08  0.46  0.23 
1654  3.80  3.14  1.82  2.07  0.47  0.24 
1655  3.80  3.14  1.82  2.07  0.47  0.24 
1656  3.80  3.15  1.82  2.07  0.47  0.24 
1657  3.80  3.14  1.82  2.08  0.48  0.24 
1658  3.81  3.13  1.82  2.09  0.48  0.24 
1659  3.81  3.14  1.82  2.08  0.47  0.24 
1660  3.80  3.14  1.81  2.08  0.48  0.24 
1661  3.80  3.14  1.82  2.08  0.48  0.24 
1662  3.81  3.14  1.82  2.08  0.48  0.24 
1663  3.80  3.14  1.82  2.08  0.49  0.24 
1664  3.80  3.14  1.81  2.08  0.49  0.25 
1665  3.81  3.15  1.82  2.08  0.48  0.25 
1666  3.80  3.14  1.82  2.08  0.44  0.22 
1667  3.79  3.17  1.82  2.07  0.45  0.23 
1668  3.80  3.15  1.82  2.07  0.44  0.22 
1669  3.81  3.14  1.82  2.08  0.45  0.23 
1670  3.80  3.14  1.82  2.07  0.45  0.23 
1671  3.81  3.14  1.82  2.08  0.45  0.23 
1672  3.80  3.14  1.82  2.07  0.45  0.23 
1673  3.82  3.13  1.81  2.08  0.45  0.23 
1674  3.80  3.15  1.82  2.07  0.45  0.23 
1675  3.80  3.13  1.82  2.08  0.47  0.23 
1676  3.81  3.14  1.82  2.08  0.47  0.23 
1677  3.81  3.15  1.82  2.08  0.46  0.24 
1678  3.79  3.14  1.82  2.08  0.47  0.23 
1679  3.80  3.14  1.82  2.08  0.47  0.24 
1680  3.81  3.15  1.82  2.07  0.47  0.24 
1681  3.80  3.14  1.82  2.08  0.48  0.24 
1682  3.80  3.16  1.82  2.08  0.48  0.24 
1683  3.80  3.15  1.82  2.08  0.47  0.24 
1684  3.84  3.14  1.81  2.08  0.48  0.24 
1685  3.81  3.14  1.82  2.08  0.48  0.24 
1686  3.82  3.14  1.82  2.08  0.48  0.24 
1687  3.81  3.14  1.82  2.08  0.48  0.24 
1688  3.83  3.17  1.82  2.08  0.48  0.24 
1689  3.82  3.14  1.82  2.08  0.48  0.25 
1690  3.84  3.13  1.81  2.08  0.44  0.22 
1691  3.83  3.14  1.82  2.08  0.44  0.23 
1692  3.82  3.15  1.82  2.08  0.44  0.22 
1693  3.84  3.13  1.82  2.08  0.45  0.23 
1694  3.81  3.16  1.82  2.08  0.45  0.23 
1695  3.79  3.15  1.82  2.08  0.45  0.23 
1696  3.79  3.13  1.83  2.08  0.45  0.23 
1697  3.79  3.14  1.83  2.08  0.45  0.23 
1698  3.82  3.15  1.83  2.08  0.45  0.23 
1699  3.82  3.13  1.83  2.08  0.46  0.23 
1700  3.81  3.14  1.83  2.08  0.47  0.23 
1701  3.81  3.14  1.83  2.08  0.46  0.23 
1702  3.82  3.14  1.83  2.07  0.47  0.24 
1703  3.79  3.14  1.83  2.08  0.47  0.24 
1704  3.79  3.14  1.83  2.07  0.47  0.24 
1705  3.79  3.13  1.83  2.07  0.47  0.24 
1706  3.80  3.16  1.83  2.08  0.48  0.24 
1707  3.81  3.14  1.83  2.08  0.47  0.24 
1708  3.81  3.14  1.82  2.07  0.48  0.24 
1709  3.80  3.16  1.82  2.08  0.48  0.24 
1710  3.81  3.15  1.82  2.07  0.48  0.24 
1711  3.82  3.13  1.82  2.08  0.48  0.24 
1712  3.80  3.13  1.82  2.08  0.48  0.24 
1713  3.82  3.13  1.82  2.08  0.48  0.25 
1714  3.81  3.15  1.82  2.07  0.44  0.22 
1715  3.81  3.14  1.82  2.08  0.44  0.22 
1716  3.81  3.15  1.82  2.07  0.44  0.22 
1717  3.81  3.14  1.82  2.08  0.45  0.23 
1718  3.82  3.13  1.82  2.08  0.45  0.23 
1719  3.81  3.14  1.82  2.08  0.45  0.23 
1720  3.79  3.13  1.82  2.08  0.45  0.23 
1721  3.79  3.13  1.82  2.08  0.45  0.23 
1722  3.81  3.14  1.82  2.08  0.45  0.23 
1723  3.82  3.14  1.82  2.08  0.46  0.23 
1724  3.79  3.14  1.82  2.08  0.47  0.23 
1725  3.79  3.15  1.83  2.08  0.46  0.24 
1726  3.79  3.14  1.82  2.07  0.47  0.24 
1727  3.79  3.14  1.82  2.07  0.47  0.24 
1728  3.78  3.15  1.82  2.08  0.47  0.24 
1729  3.79  3.16  1.82  2.08  0.47  0.24 
1730  3.78  3.13  1.82  2.08  0.48  0.24 
1731  3.79  3.14  1.82  2.08  0.47  0.24 
1732  3.81  3.14  1.81  2.07  0.48  0.24 
1733  3.80  3.14  1.81  2.08  0.48  0.24 
1734  3.78  3.15  1.82  2.08  0.47  0.24 
1735  3.79  3.14  1.82  2.08  0.48  0.24 
1736  3.79  3.14  1.81  2.08  0.48  0.24 
1737  3.79  3.16  1.82  2.08  0.48  0.24 
1738  3.79  3.14  1.81  2.08  0.44  0.22 
1739  3.79  3.14  1.81  2.08  0.45  0.23 
1740  3.79  3.15  1.82  2.07  0.45  0.22 
1741  3.79  3.14  1.82  2.07  0.46  0.23 
1742  3.79  3.16  1.81  2.08  0.45  0.23 
1743  3.79  3.15  1.81  2.08  0.45  0.23 
1744  3.79  3.14  1.82  2.09  0.46  0.23 
1745  3.79  3.14  1.82  2.09  0.46  0.23 
1746  3.79  3.15  1.82  2.08  0.46  0.23 
1747  3.80  3.16  1.82  2.08  0.46  0.23 
1748  3.79  3.17  1.82  2.09  0.46  0.23 
1749  3.79  3.14  1.82  2.09  0.46  0.23 
1750  3.80  3.13  1.82  2.08  0.47  0.23 
1751  3.79  3.13  1.82  2.08  0.47  0.24 
1752  3.79  3.14  1.82  2.08  0.47  0.23 
1753  3.79  3.14  1.82  2.08  0.47  0.24 
1754  3.79  3.14  1.82  2.09  0.47  0.24 
1755  3.79  3.15  1.82  2.09  0.47  0.24 
1756  3.79  3.14  1.82  2.08  0.47  0.24 
1757  3.80  3.13  1.81  2.08  0.47  0.24 
1758  3.79  3.14  1.82  2.08  0.47  0.24 
1759  3.78  3.14  1.82  2.09  0.48  0.24 
1760  3.78  3.14  1.81  2.09  0.48  0.24 
1761  3.79  3.17  1.82  2.09  0.48  0.24 
1762  3.78  3.16  1.82  2.09  0.44  0.22 
1763  3.78  3.12  1.81  2.08  0.44  0.22 
1764  3.78  3.14  1.82  2.08  0.44  0.22 
1765  3.80  3.16  1.82  2.08  0.45  0.22 
1766  3.78  3.18  1.81  2.08  0.45  0.23 
1767  3.78  3.14  1.82  2.08  0.45  0.23 
1768  3.78  3.13  1.82  2.08  0.45  0.23 
1769  3.79  3.15  1.82  2.08  0.45  0.23 
1770  3.78  3.15  1.82  2.08  0.46  0.23 
1771  3.80  3.14  1.82  2.09  0.46  0.23 
1772  3.78  3.15  1.82  2.09  0.46  0.23 
1773  3.78  3.14  1.82  2.09  0.46  0.23 
1774  3.78  3.14  1.82  2.09  0.46  0.23 
1775  3.78  3.14  1.82  2.08  0.46  0.24 
1776  3.78  3.14  1.82  2.08  0.47  0.24 
1777  3.78  3.14  1.82  2.09  0.47  0.24 
1778  3.78  3.16  1.82  2.09  0.47  0.24 
1779  3.78  3.16  1.82  2.08  0.47  0.24 
1780  3.78  3.14  1.82  2.09  0.48  0.24 
1781  3.78  3.14  1.82  2.08  0.48  0.24 
1782  3.78  3.14  1.82  2.08  0.48  0.24 
1783  3.78  3.14  1.82  2.08  0.48  0.24 
1784  3.78  3.14  1.82  2.09  0.48  0.24 
1785  3.78  3.14  1.82  2.09  0.48  0.24 
1786  3.78  3.16  1.82  2.08  0.44  0.22 
1787  3.79  3.19  1.82  2.09  0.44  0.22 
1788  3.78  3.15  1.82  2.08  0.45  0.22 
1789  3.78  3.16  1.82  2.09  0.45  0.23 
1790  3.78  3.14  1.82  2.09  0.45  0.23 
1791  3.78  3.15  1.83  2.09  0.45  0.23 
1792  3.78  3.14  1.82  2.09  0.45  0.23 
1793  3.78  3.13  1.82  2.09  0.46  0.23 
1794  3.78  3.16  1.82  2.08  0.45  0.23 
1795  3.78  3.13  1.82  2.09  0.47  0.23 
1796  3.78  3.13  1.82  2.09  0.47  0.23 
1797  3.80  3.14  1.82  2.09  0.46  0.23 
1798  3.78  3.14  1.82  2.08  0.47  0.23 
1799  3.79  3.16  1.82  2.08  0.47  0.23 
1800  3.78  3.15  1.82  2.07  0.47  0.24 
1801  3.78  3.14  1.82  2.09  0.47  0.24 
1802  3.78  3.13  1.82  2.09  0.47  0.24 
1803  3.78  3.15  1.82  2.08  0.47  0.24 
1804  3.78  3.13  1.82  2.09  0.48  0.24 
1805  3.78  3.14  1.83  2.09  0.48  0.24 
1806  3.79  3.15  1.83  2.08  0.48  0.24 
1807  3.79  3.16  1.83  2.09  0.48  0.24 
1808  3.80  3.13  1.82  2.07  0.48  0.24 
1809  3.79  3.16  1.83  2.08  0.48  0.24 
1810  3.79  3.14  1.82  2.09  0.44  0.22 
1811  3.78  3.13  1.82  2.08  0.44  0.22 
1812  3.78  3.15  1.82  2.09  0.44  0.22 
1813  3.82  3.13  1.82  2.08  0.45  0.22 
1814  3.79  3.15  1.82  2.08  0.45  0.23 
1815  3.78  3.13  1.82  2.08  0.45  0.22 
1816  3.78  3.15  1.82  2.08  0.45  0.23 
1817  3.78  3.13  1.82  2.08  0.45  0.23 
1818  3.78  3.15  1.82  2.09  0.45  0.23 
1819  3.78  3.15  1.82  2.08  0.46  0.23 
1820  3.79  3.16  1.82  2.08  0.47  0.23 
1821  3.78  3.15  1.83  2.09  0.46  0.23 
1822  3.79  3.14  1.82  2.08  0.47  0.23 
1823  3.78  3.14  1.82  2.09  0.47  0.23 
1824  3.78  3.15  1.82  2.08  0.47  0.23 
1825  3.79  3.13  1.82  2.08  0.47  0.23 
1826  3.78  3.13  1.82  2.09  0.47  0.24 
1827  3.79  3.15  1.83  2.09  0.47  0.24 
1828  3.79  3.13  1.83  2.08  0.48  0.24 
1829  3.80  3.13  1.82  2.08  0.47  0.24 
1830  3.80  3.15  1.83  2.08  0.47  0.24 
1831  3.79  3.14  1.83  2.08  0.48  0.24 
1832  3.79  3.14  1.83  2.09  0.48  0.24 
1833  3.79  3.17  1.83  2.09  0.48  0.24 
1834  3.81  3.14  1.82  2.08  0.44  0.23 
1835  3.78  3.13  1.82  2.08  0.44  0.22 
1836  3.78  3.14  1.83  2.09  0.44  0.23 
1837  3.78  3.14  1.82  2.08  0.45  0.23 
1838  3.78  3.13  1.83  2.08  0.44  0.23 
1839  3.78  3.14  1.82  2.08  0.45  0.23 
1840  3.78  3.16  1.83  2.08  0.45  0.23 
1841  3.78  3.14  1.83  2.08  0.45  0.23 
1842  3.78  3.14  1.83  2.08  0.45  0.23 
1843  3.78  3.15  1.83  2.08  0.46  0.23 
1844  3.78  3.17  1.83  2.09  0.46  0.23 
1845  3.80  3.16  1.83  2.09  0.46  0.23 
1846  3.78  3.14  1.83  2.08  0.47  0.24 
1847  3.78  3.13  1.82  2.08  0.47  0.24 
1848  3.78  3.13  1.83  2.08  0.46  0.24 
1849  3.78  3.14  1.82  2.09  0.47  0.24 
1850  3.78  3.18  1.83  2.09  0.47  0.24 
1851  3.78  3.15  1.83  2.09  0.47  0.24 
1852  3.79  3.14  1.82  2.09  0.47  0.24 
1853  3.78  3.14  1.82  2.09  0.48  0.24 
1854  3.78  3.14  1.82  2.08  0.47  0.24 
1855  3.78  3.13  1.82  2.08  0.48  0.24 
1856  3.78  3.14  1.81  2.09  0.48  0.24 
1857  3.78  3.17  1.82  2.08  0.48  0.24 
1858  3.78  3.16  1.81  2.09  0.44  0.22 
1859  3.78  3.16  1.82  2.08  0.44  0.22 
1860  3.78  3.14  1.82  2.09  0.44  0.23 
1861  3.78  3.13  1.82  2.09  0.44  0.23 
1862  3.78  3.13  1.82  2.09  0.45  0.23 
1863  3.78  3.14  1.82  2.09  0.45  0.23 
1864  3.79  3.13  1.82  2.09  0.45  0.23 
1865  3.78  3.13  1.82  2.08  0.45  0.23 
1866  3.78  3.15  1.83  2.09  0.45  0.23 
1867  3.78  3.14  1.82  2.09  0.46  0.23 
1868  3.78  3.14  1.82  2.09  0.46  0.23 
1869  3.78  3.14  1.82  2.09  0.46  0.23 
1870  3.78  3.14  1.82  2.08  0.47  0.23 
1871  3.78  3.13  1.82  2.08  0.47  0.24 
1872  3.78  3.14  1.82  2.08  0.46  0.23 
1873  3.80  3.14  1.82  2.09  0.47  0.24 
1874  3.79  3.13  1.82  2.09  0.47  0.24 
1875  3.80  3.14  1.83  2.09  0.47  0.24 
1876  3.79  3.15  1.82  2.08  0.48  0.24 
1877  3.79  3.14  1.82  2.08  0.48  0.24 
1878  3.80  3.16  1.82  2.08  0.47  0.24 
1879  3.79  3.15  1.82  2.08  0.48  0.24 
1880  3.80  3.14  1.82  2.08  0.48  0.24 
1881  3.79  3.17  1.82  2.09  0.48  0.24 
1882  3.79  3.16  1.82  2.08  0.44  0.23 
1883  3.78  3.14  1.82  2.08  0.44  0.23 
1884  3.78  3.16  1.82  2.08  0.44  0.22 
1885  3.78  3.13  1.82  2.08  0.44  0.23 
1886  3.78  3.14  1.81  2.09  0.44  0.23 
1887  3.78  3.15  1.82  2.08  0.45  0.23 
1888  3.78  3.13  1.82  2.09  0.45  0.23 
1889  3.78  3.12  1.82  2.08  0.45  0.23 
1890  3.78  3.15  1.83  2.08  0.45  0.23 
1891  3.79  3.13  1.83  2.09  0.46  0.23 
1892  3.79  3.14  1.82  2.08  0.46  0.23 
1893  3.79  3.15  1.83  2.09  0.46  0.23 
1894  3.81  3.14  1.82  2.09  0.47  0.23 
1895  3.81  3.13  1.82  2.08  0.47  0.23 
1896  3.78  3.14  1.83  2.08  0.47  0.23 
1897  3.78  3.13  1.82  2.09  0.47  0.24 
1898  3.79  3.14  1.82  2.09  0.47  0.24 
1899  3.79  3.15  1.83  2.08  0.47  0.24 
1900  3.79  3.16  1.81  2.08  0.47  0.24 
1901  3.78  3.13  1.81  2.08  0.47  0.24 
1902  3.79  3.14  1.82  2.08  0.47  0.24 
1903  3.78  3.14  1.82  2.08  0.48  0.24 
1904  3.78  3.13  1.82  2.09  0.48  0.24 
1905  3.78  3.14  1.82  2.09  0.48  0.24 
1906  3.78  3.13  1.81  2.08  0.44  0.22 
1907  3.78  3.15  1.82  2.08  0.44  0.23 
1908  3.78  3.14  1.82  2.07  0.44  0.22 
1909  3.79  3.14  1.82  2.08  0.44  0.23 
1910  3.78  3.13  1.82  2.08  0.44  0.23 
1911  3.78  3.14  1.82  2.08  0.44  0.23 
1912  3.80  3.13  1.83  2.08  0.45  0.23 
1913  3.78  3.16  1.83  2.08  0.45  0.23 
1914  3.78  3.16  1.83  2.08  0.45  0.23 
1915  3.78  3.15  1.83  2.08  0.46  0.23 
1916  3.78  3.15  1.83  2.08  0.46  0.23 
1917  3.78  3.14  1.83  2.09  0.46  0.23 
1918  3.78  3.13  1.83  2.08  0.47  0.23 
1919  3.78  3.15  1.83  2.08  0.47  0.23 
1920  3.78  3.15  1.83  2.08  0.46  0.23 
1921  3.78  3.12  1.83  2.09  0.47  0.24 
1922  3.78  3.14  1.83  2.09  0.47  0.24 
1923  3.78  3.15  1.83  2.09  0.47  0.23 
1924  3.78  3.15  1.83  2.08  0.48  0.24 
1925  3.78  3.14  1.82  2.08  0.47  0.24 
1926  3.79  3.13  1.83  2.08  0.47  0.24 
1927  3.79  3.13  1.83  2.09  0.48  0.24 
1928  3.78  3.14  1.83  2.08  0.48  0.24 
1929  3.78  3.13  1.83  2.08  0.47  0.24 
1930  3.78  3.15  1.83  2.08  0.44  0.22 
1931  3.78  3.13  1.83  2.08  0.44  0.22 
1932  3.78  3.14  1.83  2.08  0.44  0.22 
1933  3.78  3.14  1.83  2.08  0.44  0.22 
1934  3.78  3.13  1.83  2.08  0.44  0.23 
1935  3.78  3.14  1.83  2.08  0.44  0.23 
1936  3.79  3.13  1.82  2.09  0.45  0.23 
1937  3.81  3.14  1.82  2.09  0.45  0.23 
1938  3.80  3.14  1.82  2.08  0.45  0.23 
1939  3.81  3.13  1.82  2.08  0.46  0.23 
1940  3.79  3.16  1.82  2.08  0.46  0.23 
1941  3.79  3.13  1.82  2.09  0.46  0.23 
1942  3.81  3.14  1.82  2.08  0.46  0.23 
1943  3.79  3.12  1.82  2.09  0.47  0.23 
1944  3.78  3.16  1.82  2.08  0.46  0.23 
1945  3.78  3.15  1.82  2.08  0.47  0.24 
1946  3.78  3.15  1.82  2.09  0.47  0.23 
1947  3.80  3.13  1.82  2.08  0.47  0.24 
1948  3.79  3.14  1.82  2.08  0.47  0.24 
1949  3.78  3.12  1.82  2.08  0.47  0.24 
1950  3.78  3.14  1.82  2.08  0.47  0.24 
1951  3.79  3.13  1.82  2.09  0.48  0.24 
1952  3.78  3.13  1.82  2.08  0.48  0.24 
1953  3.78  3.14  1.82  2.08  0.47  0.24 
1954  3.78  3.13  1.82  2.08  0.44  0.22 
1955  3.78  3.13  1.82  2.08  0.44  0.22 
1956  3.78  3.13  1.82  2.08  0.44  0.22 
1957  3.78  3.14  1.82  2.08  0.44  0.22 
1958  3.78  3.12  1.82  2.08  0.45  0.22 
1959  3.78  3.13  1.82  2.08  0.44  0.22 
1960  3.79  3.13  1.82  2.08  0.45  0.23 
1961  3.78  3.13  1.82  2.07  0.45  0.23 
1962  3.79  3.14  1.82  2.08  0.45  0.23 
1963  3.78  3.13  1.82  2.08  0.46  0.23 
1964  3.78  3.16  1.82  2.08  0.46  0.23 
1965  3.78  3.14  1.82  2.08  0.46  0.23 
1966  3.78  3.15  1.82  2.08  0.47  0.23 
1967  3.78  3.13  1.82  2.08  0.46  0.23 
1968  3.78  3.13  1.82  2.08  0.46  0.23 
1969  3.80  3.13  1.82  2.08  0.47  0.23 
1970  3.80  3.14  1.82  2.09  0.47  0.23 
1971  3.79  3.13  1.82  2.09  0.47  0.23 
1972  3.78  3.13  1.83  2.08  0.47  0.24 
1973  3.79  3.16  1.83  2.08  0.47  0.24 
1974  3.80  3.15  1.84  2.08  0.47  0.24 
1975  3.79  3.13  1.83  2.08  0.47  0.24 
1976  3.80  3.16  1.83  2.09  0.48  0.24 
1977  3.80  3.14  1.83  2.09  0.47  0.24 
1978  3.81  3.14  1.83  2.08  0.44  0.22 
1979  3.79  3.13  1.83  2.08  0.44  0.22 
1980  3.78  3.13  1.83  2.08  0.44  0.22 
1981  3.79  3.14  1.83  2.08  0.44  0.22 
1982  3.79  3.14  1.83  2.09  0.44  0.23 
1983  3.79  3.13  1.83  2.08  0.45  0.23 
1984  3.80  3.13  1.82  2.07  0.44  0.23 
1985  3.79  3.17  1.81  2.08  0.44  0.23 
1986  3.79  3.16  1.82  2.07  0.45  0.23 
1987  3.79  3.13  1.82  2.08  0.46  0.23 
1988  3.78  3.12  1.82  2.08  0.45  0.23 
1989  3.79  3.13  1.82  2.08  0.45  0.23 
1990  3.80  3.15  1.82  2.08  0.46  0.23 
1991  3.79  3.14  1.82  2.07  0.46  0.23 
1992  3.80  3.13  1.82  2.08  0.46  0.23 
1993  3.80  3.13  1.82  2.08  0.46  0.23 
1994  3.80  3.13  1.82  2.08  0.46  0.24 
1995  3.78  3.13  1.82  2.08  0.46  0.23 
1996  3.81  3.13  1.83  2.08  0.47  0.24 
1997  3.79  3.13  1.82  2.08  0.47  0.24 
1998  3.79  3.14  1.83  2.08  0.47  0.24 
1999  3.80  3.14  1.82  2.08  0.48  0.24 
2000  3.79  3.16  1.83  2.09  0.47  0.24 
2001  3.78  3.14  1.82  2.09  0.47  0.24 
2002  3.79  3.15  1.82  2.08  0.44  0.22 
2003  3.81  3.15  1.83  2.08  0.44  0.22 
2004  3.80  3.14  1.83  2.08  0.44  0.22 
2005  3.82  3.14  1.82  2.08  0.44  0.22 
2006  3.78  3.12  1.82  2.09  0.44  0.22 
2007  3.80  3.12  1.82  2.08  0.44  0.22 
2008  3.80  3.13  1.83  2.08  0.45  0.23 
2009  3.79  3.13  1.83  2.08  0.45  0.23 
2010  3.79  3.13  1.83  2.08  0.45  0.23 
2011  3.80  3.16  1.83  2.08  0.46  0.23 
2012  3.78  3.13  1.83  2.08  0.46  0.23 
2013  3.80  3.13  1.83  2.08  0.46  0.23 
2014  3.80  3.15  1.83  2.07  0.46  0.23 
2015  3.79  3.16  1.83  2.08  0.46  0.23 
2016  3.79  3.13  1.83  2.08  0.46  0.23 
2017  3.81  3.14  1.83  2.08  0.47  0.23 
2018  3.79  3.13  1.83  2.08  0.47  0.23 
2019  3.79  3.13  1.83  2.09  0.47  0.23 
2020  3.79  3.13  1.82  2.08  0.47  0.24 
2021  3.82  3.12  1.82  2.07  0.47  0.24 
2022  3.79  3.13  1.82  2.08  0.47  0.24 
2023  3.80  3.15  1.82  2.08  0.48  0.24 
2024  3.80  3.15  1.82  2.09  0.47  0.24 
2025  3.82  3.13  1.82  2.09  0.47  0.24 
2026  3.79  3.16  1.82  2.08  0.44  0.22 
2027  3.80  3.14  1.82  2.08  0.44  0.22 
2028  3.79  3.13  1.82  2.08  0.44  0.22 
2029  3.79  3.13  1.82  2.08  0.44  0.22 
2030  3.79  3.14  1.82  2.08  0.44  0.22 
2031  3.79  3.13  1.83  2.08  0.45  0.23 
2032  3.80  3.13  1.83  2.08  0.45  0.23 
2033  3.81  3.13  1.82  2.08  0.45  0.23 
2034  3.80  3.14  1.83  2.08  0.45  0.23 
2035  3.79  3.13  1.83  2.08  0.46  0.23 
2036  3.79  3.13  1.83  2.08  0.46  0.23 
2037  3.78  3.15  1.83  2.08  0.46  0.23 
2038  3.79  3.14  1.82  2.08  0.46  0.23 
2039  3.78  3.12  1.83  2.08  0.46  0.23 
2040  3.78  3.14  1.83  2.07  0.46  0.23 
2041  3.81  3.13  1.83  2.09  0.47  0.23 
2042  3.79  3.14  1.83  2.09  0.46  0.23 
2043  3.79  3.13  1.83  2.08  0.46  0.23 
2044  3.81  3.13  1.82  2.08  0.47  0.24 
2045  3.80  3.13  1.82  2.08  0.47  0.24 
2046  3.81  3.15  1.82  2.08  0.47  0.24 
2047  3.81  3.12  1.82  2.08  0.47  0.24 
2048  3.81  3.12  1.82  2.09  0.47  0.24 
