#displaying cycles per input bytes for linux, quicktime, chromium, scalar and avx2 encoders, first column is number of bytes
8  0.75  4.75  4.75  4.00  5.75  4.75 
9  0.44  4.67  4.22  3.56  5.56  4.67 
10  0.60  4.80  4.60  3.80  5.80  4.40 
11  0.55  4.55  4.36  3.82  5.45  4.36 
12  0.33  4.50  4.17  3.50  5.33  4.00 
13  0.46  4.46  4.15  3.54  5.38  4.00 
14  0.43  4.29  4.14  3.29  4.14  4.00 
15  0.27  4.40  3.87  3.33  4.13  3.73 
16  0.50  4.38  4.00  3.25  4.25  3.75 
17  0.35  4.24  3.88  3.18  4.12  3.76 
18  0.33  4.22  3.78  3.22  4.22  3.56 
19  0.42  4.21  3.68  3.26  4.21  3.58 
20  0.30  4.20  3.80  3.20  3.40  3.60 
21  0.38  4.19  3.52  3.14  3.52  3.43 
22  0.45  4.27  3.73  3.18  3.55  3.45 
23  0.35  4.09  3.65  3.13  3.57  3.30 
24  0.42  4.17  3.50  3.00  3.58  3.33 
25  0.24  4.16  3.68  3.12  3.68  3.28 
26  0.23  4.15  3.62  3.08  3.08  3.31 
27  0.30  4.00  3.48  3.04  3.11  3.26 
28  0.29  4.07  3.57  3.00  3.21  1.50 
29  0.28  4.14  3.59  3.03  3.24  1.59 
30  0.27  4.07  3.47  2.93  3.27  1.60 
31  0.26  4.13  3.55  2.97  3.35  1.61 
32  0.25  4.00  3.50  3.00  2.88  1.69 
33  0.30  4.06  3.45  2.85  2.91  1.64 
34  0.24  4.06  3.47  2.94  3.06  1.71 
35  0.29  4.46  3.49  2.97  3.03  1.71 
36  0.28  4.06  3.44  2.89  3.11  1.72 
37  0.27  4.49  3.46  2.86  3.14  1.78 
38  0.21  4.42  3.47  2.89  2.79  1.79 
39  0.15  4.41  3.33  2.82  2.82  1.79 
40  0.25  4.50  3.45  2.90  2.90  1.85 
41  0.20  4.39  3.41  2.88  2.88  1.85 
42  0.19  4.38  3.38  2.81  2.95  1.86 
43  0.19  4.47  3.40  2.88  2.98  1.91 
44  0.14  4.41  3.41  2.86  2.64  1.91 
45  0.22  4.36  3.33  2.84  2.67  1.91 
46  0.22  4.43  3.39  2.87  2.74  1.91 
47  0.21  4.51  3.32  2.85  2.81  1.96 
48  0.17  4.38  3.33  2.83  2.83  1.92 
49  0.16  4.37  3.39  2.86  2.86  2.00 
50  0.24  4.36  3.36  2.84  2.56  2.00 
51  0.16  4.35  3.33  2.82  2.59  1.96 
52  0.19  4.38  3.38  3.08  2.65  2.00 
53  0.19  4.42  3.36  2.83  2.68  2.00 
54  0.19  4.37  3.30  2.78  2.74  2.00 
55  0.18  4.40  3.64  3.09  2.76  2.07 
56  0.18  4.39  3.32  2.82  2.50  1.11 
57  0.18  4.35  3.51  3.09  2.53  1.09 
58  0.17  4.34  3.62  3.07  2.59  1.14 
59  0.17  4.34  3.63  2.81  2.61  1.19 
60  0.13  4.30  3.53  3.07  2.63  1.17 
61  0.16  4.33  3.64  3.05  2.72  1.21 
62  0.13  4.32  3.61  3.06  2.45  1.26 
63  0.19  4.29  3.52  3.02  2.48  1.27 
64  0.16  4.31  3.59  3.03  2.53  1.28 
65  0.18  4.28  3.60  3.05  2.55  1.29 
66  0.18  4.27  3.52  3.03  2.58  1.30 
67  0.18  4.33  3.58  3.01  2.63  1.34 
68  0.18  4.26  3.59  3.03  2.41  1.35 
69  0.14  4.26  3.51  3.01  2.43  1.36 
70  0.17  4.26  3.57  3.03  2.46  1.40 
71  0.14  4.25  3.58  2.99  2.48  1.41 
72  0.17  4.25  3.50  2.97  2.53  1.42 
73  0.14  4.27  3.56  2.99  2.58  1.45 
74  0.16  4.22  3.57  3.00  2.38  1.46 
75  0.16  4.24  3.47  2.99  2.40  1.49 
76  0.13  4.24  3.55  2.97  2.42  1.50 
77  0.16  4.23  3.56  2.99  2.47  1.51 
78  0.13  4.26  3.49  2.97  2.49  1.51 
79  0.15  4.25  3.54  2.96  2.56  1.52 
80  0.15  4.25  3.55  2.97  2.33  0.82 
81  0.15  4.20  3.48  2.96  2.35  0.86 
82  0.15  4.20  3.54  2.95  2.41  0.90 
83  0.14  4.19  3.54  2.96  2.41  0.92 
84  0.14  4.19  3.48  2.95  2.45  0.90 
85  0.14  4.24  3.51  2.94  2.47  0.94 
86  0.12  4.21  3.53  2.95  2.30  0.95 
87  0.11  4.37  3.47  2.94  2.32  0.97 
88  0.14  4.36  3.52  2.93  2.34  1.00 
89  0.13  4.36  3.53  2.94  2.38  1.01 
90  0.13  4.33  3.47  2.93  2.42  1.00 
91  0.13  4.33  3.52  2.92  2.44  1.08 
92  0.13  4.35  3.54  2.93  2.46  1.07 
93  0.13  4.37  3.48  2.92  2.49  1.05 
94  0.13  4.38  3.51  2.91  2.53  1.09 
95  0.13  4.40  3.52  2.93  2.55  1.14 
96  0.12  4.38  3.44  2.94  2.44  1.10 
97  0.12  4.37  3.53  2.91  2.60  1.11 
98  0.14  4.37  3.51  2.92  2.45  1.16 
99  0.12  4.38  3.45  2.91  2.44  1.15 
100  0.12  4.38  3.50  2.90  2.50  1.18 
101  0.12  4.38  3.50  2.93  2.53  1.21 
102  0.12  4.37  3.45  2.90  2.53  1.22 
103  0.12  4.37  3.50  2.89  2.54  1.22 
104  0.12  4.37  3.50  2.90  2.42  0.71 
105  0.11  4.32  3.45  2.90  2.44  0.70 
106  0.11  4.34  3.49  2.89  2.49  0.74 
107  0.11  4.34  3.50  2.90  2.49  0.73 
108  0.11  4.33  3.44  2.89  2.50  0.74 
109  0.11  4.37  3.50  2.88  2.53  0.79 
110  0.11  4.35  3.49  2.89  2.38  0.80 
111  0.13  4.32  3.44  2.88  2.40  0.81 
112  0.09  4.32  3.48  2.88  2.46  0.80 
113  0.14  4.30  3.49  2.88  2.46  0.83 
114  0.12  4.32  3.44  2.88  2.47  0.84 
115  0.14  4.33  3.46  2.87  2.50  0.89 
116  0.10  4.29  3.48  2.88  2.36  0.91 
117  0.14  4.29  3.44  2.87  2.38  0.89 
118  0.14  4.32  3.47  2.88  2.42  0.93 
119  0.12  4.27  3.48  2.87  2.42  0.92 
120  0.12  4.28  3.45  2.87  2.45  0.92 
121  0.12  4.28  3.49  2.86  2.48  0.98 
122  0.13  4.31  3.48  2.87  2.34  0.98 
123  0.13  4.26  3.45  2.86  2.36  0.96 
124  0.11  4.29  3.47  2.85  2.40  1.00 
125  0.11  4.27  3.47  2.88  2.42  1.01 
126  0.10  4.27  3.43  2.86  2.41  1.02 
127  0.11  4.30  3.46  2.85  2.47  1.02 
128  0.14  4.27  3.47  2.86  2.34  0.59 
129  0.16  4.25  3.43  2.85  2.34  0.60 
130  0.15  4.23  3.48  2.86  2.38  0.63 
131  0.15  4.23  3.47  2.85  2.38  0.67 
132  0.15  4.33  3.42  2.85  2.41  0.65 
133  0.15  4.27  3.46  2.84  2.44  0.69 
134  0.15  4.36  3.46  2.85  2.31  0.69 
135  0.15  4.34  3.42  2.86  2.33  0.70 
136  0.15  4.35  3.46  2.84  2.38  0.74 
137  0.16  4.28  3.46  2.85  2.36  0.73 
138  0.14  4.26  3.42  2.84  2.38  0.72 
139  0.14  4.27  3.45  2.83  2.43  0.75 
140  0.14  4.34  3.46  2.84  2.31  0.77 
141  0.16  4.34  3.42  2.84  2.31  0.78 
142  0.15  4.37  3.46  2.83  2.37  0.82 
143  0.14  4.39  3.45  2.85  2.38  0.81 
144  0.11  4.35  3.42  2.83  2.35  0.81 
145  0.12  4.36  3.45  2.84  2.41  0.83 
146  0.14  4.36  3.45  2.84  2.29  0.85 
147  0.12  4.37  3.43  2.84  2.30  0.86 
148  0.12  4.34  3.46  2.84  2.35  0.89 
149  0.12  4.38  3.46  2.83  2.36  0.91 
150  0.13  4.28  3.41  2.83  2.37  0.91 
151  0.13  4.28  3.46  2.82  2.37  0.91 
152  0.12  4.24  3.46  2.84  2.29  0.55 
153  0.12  4.29  3.41  2.82  2.29  0.54 
154  0.13  4.29  3.44  2.82  2.34  0.56 
155  0.13  4.27  3.43  2.81  2.35  0.57 
156  0.12  4.28  3.41  2.82  2.33  0.59 
157  0.13  4.27  3.46  2.82  2.37  0.61 
158  0.13  4.33  3.44  2.82  2.27  0.63 
159  0.11  4.18  3.42  2.81  2.28  0.62 
160  0.10  4.21  3.45  2.83  2.33  0.64 
161  0.14  4.17  3.44  2.82  2.34  0.65 
162  0.15  4.19  3.41  2.83  2.32  0.65 
163  0.12  4.33  3.44  2.82  2.37  0.67 
164  0.12  4.20  3.44  2.82  2.27  0.70 
165  0.12  4.18  3.42  2.81  2.27  0.69 
166  0.13  4.23  3.45  2.82  2.30  0.71 
167  0.13  4.19  3.45  2.81  2.31  0.72 
168  0.14  4.15  3.42  2.81  2.31  0.73 
169  0.13  4.19  3.44  2.80  2.34  0.76 
170  0.13  4.19  3.45  2.80  2.27  0.75 
171  0.12  4.15  3.42  2.81  2.26  0.75 
172  0.12  4.23  3.43  2.81  2.30  0.77 
173  0.13  4.21  3.43  2.81  2.29  0.79 
174  0.13  4.30  3.41  2.80  2.31  0.78 
175  0.13  4.17  3.44  2.81  2.33  0.82 
176  0.09  4.24  3.44  2.82  2.24  0.50 
177  0.12  4.28  3.40  2.80  2.25  0.50 
178  0.11  4.17  3.43  2.81  2.29  0.53 
179  0.12  4.29  3.43  2.80  2.29  0.54 
180  0.11  4.28  3.41  2.80  2.29  0.54 
181  0.12  4.25  3.44  2.81  2.33  0.56 
182  0.12  4.22  3.43  2.80  2.23  0.57 
183  0.12  4.28  3.41  2.80  2.25  0.58 
184  0.11  4.32  3.42  2.78  2.28  0.60 
185  0.13  4.31  3.44  2.81  2.28  0.61 
186  0.12  4.22  3.41  2.80  2.29  0.60 
187  0.12  4.22  3.43  2.79  2.31  0.62 
188  0.12  4.35  3.44  2.81  2.22  0.63 
189  0.11  4.13  3.41  2.80  2.23  0.65 
190  0.11  4.38  3.43  2.79  2.27  0.64 
191  0.10  4.14  3.43  2.81  2.27  0.67 
192  0.08  4.20  3.40  2.80  2.27  0.67 
193  0.10  4.34  3.43  2.79  2.30  0.68 
194  0.11  4.38  3.43  2.80  2.21  0.69 
195  0.10  4.37  3.39  2.79  2.24  0.70 
196  0.10  4.36  3.43  2.79  2.28  0.71 
197  0.09  4.14  3.43  2.79  2.30  0.73 
198  0.10  4.11  3.40  2.79  2.26  0.73 
199  0.11  4.14  3.43  2.78  2.29  0.74 
200  0.11  4.13  3.43  2.79  2.22  0.46 
201  0.10  4.11  3.40  2.79  2.23  0.47 
202  0.10  4.11  3.43  2.78  2.25  0.49 
203  0.10  4.14  3.43  2.79  2.27  0.49 
204  0.10  4.14  3.40  2.78  2.26  0.50 
205  0.10  4.11  3.42  2.78  2.29  0.52 
206  0.10  4.12  3.43  2.80  2.21  0.52 
207  0.10  4.12  3.40  2.78  2.21  0.53 
208  0.09  4.34  3.42  2.78  2.25  0.55 
209  0.11  4.11  3.44  2.79  2.26  0.56 
210  0.10  4.12  3.40  2.79  2.26  0.55 
211  0.09  4.12  3.42  2.78  2.29  0.57 
212  0.08  4.35  3.42  2.79  2.20  0.58 
213  0.08  4.11  3.40  2.78  2.21  0.59 
214  0.08  4.10  3.41  2.79  2.24  0.61 
215  0.08  4.12  3.42  2.78  2.24  0.60 
216  0.08  4.27  3.40  2.79  2.23  0.61 
217  0.08  4.30  3.42  2.77  2.27  0.63 
218  0.09  4.29  3.42  2.79  2.22  0.64 
219  0.09  4.25  3.40  2.78  2.20  0.64 
220  0.08  4.09  3.42  2.77  2.24  0.65 
221  0.08  4.10  3.42  2.79  2.24  0.67 
222  0.08  4.09  3.40  2.78  2.24  0.67 
223  0.09  4.10  3.42  2.78  2.27  0.67 
224  0.07  4.11  3.42  2.79  2.19  0.44 
225  0.10  4.12  3.40  2.77  2.20  0.44 
226  0.11  4.10  3.42  2.78  2.23  0.45 
227  0.10  4.11  3.42  2.78  2.22  0.47 
228  0.09  4.07  3.39  2.78  2.24  0.46 
229  0.09  4.09  3.42  2.78  2.25  0.48 
230  0.10  4.11  3.42  2.78  2.19  0.49 
231  0.09  4.13  3.40  2.76  2.19  0.48 
232  0.09  4.13  3.41  2.77  2.22  0.51 
233  0.09  4.12  3.42  2.78  2.26  0.52 
234  0.09  4.12  3.39  2.77  2.22  0.52 
235  0.10  4.29  3.41  2.77  2.26  0.53 
236  0.08  4.12  3.41  2.78  2.19  0.53 
237  0.10  4.35  3.39  2.78  2.19  0.55 
238  0.08  4.37  3.41  2.77  2.22  0.56 
239  0.10  4.34  3.41  2.78  2.23  0.56 
240  0.08  4.32  3.39  2.78  2.23  0.57 
241  0.09  4.32  3.40  2.76  2.25  0.59 
242  0.09  4.30  3.41  2.77  2.18  0.60 
243  0.09  4.30  3.39  2.77  2.19  0.60 
244  0.09  4.30  3.41  2.77  2.21  0.61 
245  0.08  4.13  3.41  2.78  2.21  0.62 
246  0.08  4.35  3.39  2.76  2.22  0.62 
247  0.09  4.09  3.40  2.77  2.26  0.63 
248  0.08  4.08  3.41  2.77  2.21  0.41 
249  0.09  4.06  3.39  2.77  2.18  0.41 
250  0.08  4.09  3.41  2.77  2.21  0.43 
251  0.09  4.07  3.41  2.77  2.22  0.44 
252  0.09  4.06  3.39  2.77  2.22  0.44 
253  0.08  4.13  3.41  2.76  2.24  0.46 
254  0.09  4.36  3.41  2.76  2.17  0.46 
255  0.09  4.08  3.40  2.76  2.18  0.46 
256  0.07  4.11  3.41  2.77  2.20  0.48 
257  0.09  4.40  3.41  2.76  2.21  0.48 
258  0.09  4.05  3.39  2.77  2.22  0.49 
259  0.08  4.06  3.41  2.76  2.22  0.49 
260  0.08  4.12  3.41  2.78  2.17  0.51 
261  0.08  4.11  3.39  2.77  2.18  0.51 
262  0.08  4.11  3.40  2.76  2.21  0.53 
263  0.08  4.09  3.41  2.76  2.20  0.53 
264  0.08  4.05  3.39  2.77  2.20  0.54 
265  0.08  4.10  3.40  2.76  2.22  0.55 
266  0.08  4.09  3.41  2.77  2.17  0.56 
267  0.07  4.10  3.39  2.76  2.16  0.56 
268  0.08  4.07  3.40  2.75  2.19  0.57 
269  0.08  4.04  3.41  2.77  2.23  0.58 
270  0.08  4.04  3.39  2.76  2.20  0.59 
271  0.08  4.07  3.40  2.76  2.21  0.59 
272  0.07  4.11  3.40  2.76  2.15  0.39 
273  0.08  4.12  3.38  2.76  2.17  0.40 
274  0.09  4.04  3.40  2.76  2.20  0.40 
275  0.08  4.04  3.40  2.76  2.19  0.41 
276  0.08  4.14  3.39  2.76  2.20  0.42 
277  0.08  4.18  3.39  2.75  2.22  0.43 
278  0.08  4.10  3.40  2.76  2.15  0.44 
279  0.09  4.05  3.39  2.76  2.16  0.44 
280  0.08  4.04  3.40  2.76  2.19  0.45 
281  0.08  4.20  3.40  2.77  2.19  0.46 
282  0.08  4.19  3.38  2.76  2.20  0.46 
283  0.08  4.18  3.40  2.76  2.22  0.47 
284  0.08  4.05  3.40  2.76  2.16  0.49 
285  0.08  4.04  3.38  2.76  2.15  0.48 
286  0.07  4.17  3.40  2.76  2.18  0.50 
287  0.08  4.12  3.40  2.76  2.22  0.50 
288  0.08  4.06  3.38  2.76  2.19  0.51 
289  0.08  4.07  3.40  2.76  2.20  0.52 
290  0.08  4.04  3.40  2.77  2.15  0.52 
291  0.08  4.04  3.38  2.76  2.16  0.53 
292  0.08  4.05  3.39  2.75  2.17  0.54 
293  0.09  4.08  3.41  2.76  2.18  0.55 
294  0.08  4.03  3.38  2.76  2.18  0.55 
295  0.09  4.05  3.40  2.75  2.20  0.56 
296  0.08  4.05  3.40  2.76  2.16  0.38 
297  0.08  4.15  3.39  2.75  2.16  0.38 
298  0.08  4.03  3.40  2.75  2.18  0.39 
299  0.08  4.03  3.40  2.76  2.19  0.39 
300  0.08  4.05  3.38  2.75  2.19  0.40 
301  0.08  4.04  3.40  2.76  2.20  0.41 
302  0.08  4.15  3.40  2.75  2.15  0.42 
303  0.08  4.04  3.38  2.75  2.15  0.42 
304  0.07  4.03  3.39  2.76  2.17  0.43 
305  0.08  4.11  3.40  2.75  2.18  0.44 
306  0.08  4.23  3.38  2.75  2.18  0.44 
307  0.08  4.17  3.39  2.75  2.20  0.45 
308  0.08  4.22  3.40  2.75  2.15  0.46 
309  0.08  4.17  3.38  2.75  2.15  0.47 
310  0.08  4.04  3.40  2.75  2.17  0.48 
311  0.08  4.01  3.40  2.75  2.17  0.48 
312  0.08  4.14  3.38  2.75  2.18  0.49 
313  0.08  4.08  3.39  2.75  2.20  0.49 
314  0.08  4.17  3.39  2.75  2.14  0.50 
315  0.08  4.02  3.38  2.75  2.15  0.50 
316  0.07  4.22  3.40  2.75  2.17  0.51 
317  0.08  4.03  3.39  2.75  2.17  0.52 
318  0.08  4.02  3.38  2.75  2.17  0.52 
319  0.08  4.21  3.39  2.75  2.18  0.53 
320  0.08  4.03  3.39  2.76  2.14  0.36 
321  0.07  4.03  3.38  2.75  2.14  0.36 
322  0.07  4.02  3.39  2.75  2.17  0.37 
323  0.07  4.17  3.39  2.75  2.17  0.38 
324  0.07  4.01  3.38  2.75  2.17  0.39 
325  0.07  4.01  3.39  2.75  2.18  0.39 
326  0.08  4.10  3.39  2.75  2.13  0.40 
327  0.08  4.12  3.38  2.75  2.14  0.41 
328  0.07  4.04  3.40  2.75  2.15  0.41 
329  0.07  4.02  3.40  2.75  2.16  0.43 
330  0.07  4.02  3.38  2.75  2.16  0.43 
331  0.08  4.03  3.39  2.75  2.18  0.44 
332  0.07  4.04  3.40  2.75  2.14  0.45 
333  0.07  4.01  3.38  2.75  2.14  0.44 
334  0.07  4.08  3.40  2.75  2.16  0.46 
335  0.07  4.08  3.39  2.74  2.16  0.47 
336  0.07  4.12  3.38  2.75  2.16  0.46 
337  0.07  4.02  3.39  2.74  2.18  0.47 
338  0.07  4.14  3.40  2.75  2.15  0.48 
339  0.07  4.01  3.38  2.74  2.14  0.48 
340  0.07  4.02  3.39  2.74  2.16  0.49 
341  0.07  4.08  3.39  2.75  2.16  0.50 
342  0.07  4.01  3.37  2.75  2.16  0.50 
343  0.07  4.02  3.39  2.74  2.19  0.51 
344  0.07  4.03  3.40  2.75  2.12  0.35 
345  0.07  4.00  3.37  2.74  2.13  0.35 
346  0.07  4.02  3.38  2.74  2.15  0.36 
347  0.07  4.02  3.39  2.74  2.17  0.37 
348  0.07  3.99  3.38  2.74  2.16  0.37 
349  0.07  4.02  3.39  2.74  2.17  0.38 
350  0.07  4.03  3.39  2.74  2.13  0.39 
351  0.07  4.00  3.37  2.74  2.13  0.39 
352  0.07  4.03  3.39  2.74  2.15  0.40 
353  0.07  4.02  3.39  2.74  2.16  0.41 
354  0.07  4.00  3.38  2.74  2.15  0.41 
355  0.07  4.03  3.39  2.74  2.17  0.42 
356  0.07  4.02  3.39  2.75  2.12  0.43 
357  0.07  4.00  3.38  2.75  2.13  0.43 
358  0.07  4.01  3.39  2.74  2.15  0.44 
359  0.07  4.02  3.39  2.74  2.16  0.45 
360  0.07  3.99  3.37  2.74  2.15  0.44 
361  0.07  4.01  3.39  2.74  2.17  0.46 
362  0.07  4.01  3.39  2.74  2.14  0.46 
363  0.07  4.36  3.38  2.74  2.13  0.46 
364  0.07  3.99  3.39  2.74  2.15  0.47 
365  0.07  4.01  3.39  2.74  2.15  0.48 
366  0.07  4.01  3.38  2.74  2.15  0.49 
367  0.07  4.02  3.38  2.74  2.17  0.49 
368  0.07  4.01  3.39  2.74  2.12  0.35 
369  0.07  4.00  3.38  2.74  2.12  0.35 
370  0.06  4.01  3.39  2.74  2.14  0.36 
371  0.07  4.03  3.40  2.74  2.15  0.37 
372  0.06  4.35  3.38  2.74  2.15  0.36 
373  0.06  4.01  3.38  2.73  2.17  0.37 
374  0.06  4.01  3.39  2.74  2.12  0.38 
375  0.07  3.99  3.38  2.74  2.12  0.39 
376  0.06  4.01  3.39  2.73  2.14  0.39 
377  0.06  3.99  3.39  2.74  2.14  0.39 
378  0.06  4.00  3.37  2.74  2.15  0.40 
379  0.06  4.01  3.38  2.74  2.16  0.41 
380  0.07  3.99  3.38  2.74  2.14  0.42 
381  0.06  4.01  3.37  2.74  2.12  0.42 
382  0.06  4.06  3.39  2.74  2.14  0.43 
383  0.06  4.06  3.39  2.74  2.14  0.43 
384  0.06  4.01  3.38  2.73  2.15  0.44 
385  0.06  4.01  3.39  2.73  2.16  0.44 
386  0.06  3.99  3.38  2.74  2.13  0.45 
387  0.06  3.99  3.37  2.73  2.12  0.45 
388  0.06  4.01  3.39  2.74  2.14  0.46 
389  0.06  4.06  3.39  2.74  2.14  0.47 
390  0.06  4.01  3.36  2.74  2.14  0.47 
391  0.07  4.02  3.39  2.73  2.15  0.48 
392  0.06  4.02  3.39  2.73  2.11  0.35 
393  0.06  4.03  3.37  2.73  2.12  0.35 
394  0.07  4.04  3.39  2.73  2.14  0.36 
395  0.06  3.98  3.39  2.73  2.14  0.36 
396  0.07  3.99  3.37  2.73  2.14  0.36 
397  0.06  3.99  3.39  2.73  2.16  0.37 
398  0.06  4.25  3.38  2.74  2.12  0.38 
399  0.06  3.98  3.37  2.74  2.12  0.38 
400  0.06  4.01  3.38  2.73  2.13  0.39 
401  0.06  4.05  3.38  2.74  2.13  0.39 
402  0.06  4.00  3.37  2.74  2.14  0.40 
403  0.06  4.00  3.38  2.73  2.14  0.41 
404  0.06  4.22  3.38  2.74  2.11  0.41 
405  0.06  4.38  3.37  2.73  2.11  0.41 
406  0.06  4.10  3.38  2.73  2.13  0.42 
407  0.06  3.99  3.39  2.73  2.13  0.43 
408  0.06  3.99  3.37  2.73  2.14  0.42 
409  0.06  4.00  3.38  2.73  2.15  0.43 
410  0.06  3.99  3.39  2.73  2.11  0.44 
411  0.06  4.32  3.37  2.73  2.12  0.43 
412  0.05  3.99  3.38  2.73  2.13  0.46 
413  0.06  4.00  3.38  2.73  2.14  0.45 
414  0.06  3.98  3.38  2.73  2.14  0.45 
415  0.06  3.99  3.38  2.73  2.14  0.47 
416  0.07  4.00  3.38  2.73  2.11  0.34 
417  0.07  3.98  3.38  2.73  2.12  0.35 
418  0.07  3.99  3.39  2.73  2.13  0.35 
419  0.07  4.20  3.38  2.73  2.13  0.36 
420  0.07  3.99  3.38  2.73  2.13  0.36 
421  0.08  4.02  3.38  2.74  2.14  0.37 
422  0.07  4.01  3.38  2.73  2.12  0.37 
423  0.07  4.02  3.37  2.73  2.11  0.37 
424  0.07  3.99  3.38  2.73  2.13  0.38 
425  0.07  3.99  3.38  2.73  2.13  0.39 
426  0.07  3.98  3.37  2.73  2.13  0.39 
427  0.07  4.00  3.38  2.73  2.14  0.40 
428  0.07  4.13  3.38  2.73  2.11  0.41 
429  0.07  3.98  3.37  2.73  2.11  0.39 
430  0.07  4.05  3.38  2.73  2.13  0.41 
431  0.07  4.20  3.38  2.73  2.13  0.42 
432  0.07  4.00  3.37  2.73  2.13  0.41 
433  0.07  4.19  3.38  2.73  2.14  0.41 
434  0.07  3.99  3.38  2.73  2.11  0.42 
435  0.07  3.98  3.37  2.72  2.11  0.42 
436  0.07  3.99  3.38  2.73  2.12  0.45 
437  0.06  4.31  3.38  2.73  2.13  0.45 
438  0.07  3.98  3.37  2.73  2.13  0.44 
439  0.07  3.99  3.38  2.73  2.14  0.46 
440  0.07  3.98  3.39  2.73  2.10  0.34 
441  0.07  4.00  3.37  2.73  2.10  0.34 
442  0.07  4.00  3.38  2.72  2.12  0.34 
443  0.07  3.98  3.38  2.73  2.13  0.35 
444  0.07  3.98  3.37  2.73  2.12  0.35 
445  0.07  3.98  3.38  2.72  2.13  0.36 
446  0.07  3.99  3.38  2.73  2.10  0.37 
447  0.07  4.00  3.37  2.73  2.10  0.37 
448  0.06  3.98  3.38  2.73  2.12  0.37 
449  0.07  3.98  3.38  2.73  2.12  0.37 
450  0.06  3.98  3.36  2.72  2.12  0.38 
451  0.06  4.00  3.37  2.73  2.13  0.39 
452  0.07  3.99  3.38  2.73  2.10  0.39 
453  0.06  3.97  3.37  2.73  2.10  0.38 
454  0.07  3.99  3.38  2.73  2.12  0.40 
455  0.07  3.98  3.38  2.73  2.12  0.41 
456  0.07  3.97  3.37  2.72  2.12  0.40 
457  0.07  3.98  3.37  2.73  2.13  0.42 
458  0.07  3.99  3.38  2.73  2.10  0.42 
459  0.07  3.97  3.37  2.72  2.10  0.41 
460  0.07  3.98  3.38  2.72  2.12  0.43 
461  0.06  3.98  3.38  2.72  2.11  0.44 
462  0.06  3.98  3.37  2.73  2.12  0.42 
463  0.06  3.99  3.38  2.72  2.13  0.44 
464  0.06  4.00  3.38  2.73  2.10  0.33 
465  0.06  3.97  3.37  2.72  2.10  0.33 
466  0.06  3.97  3.38  2.72  2.12  0.34 
467  0.06  3.98  3.38  2.73  2.12  0.34 
468  0.06  3.98  3.37  2.73  2.12  0.34 
469  0.06  3.98  3.38  2.72  2.13  0.35 
470  0.06  3.98  3.38  2.73  2.09  0.36 
471  0.06  3.97  3.37  2.72  2.11  0.36 
472  0.06  3.98  3.38  2.72  2.11  0.36 
473  0.06  3.98  3.37  2.73  2.11  0.37 
474  0.06  3.97  3.37  2.73  2.12  0.36 
475  0.06  4.03  3.38  2.72  2.13  0.38 
476  0.06  3.97  3.38  2.73  2.10  0.38 
477  0.06  3.97  3.37  2.72  2.10  0.38 
478  0.06  4.02  3.38  2.72  2.11  0.40 
479  0.06  4.02  3.38  2.73  2.13  0.40 
480  0.06  3.98  3.37  2.72  2.12  0.40 
481  0.06  3.96  3.38  2.72  2.12  0.41 
482  0.06  3.98  3.38  2.73  2.09  0.41 
483  0.06  3.98  3.37  2.72  2.10  0.41 
484  0.06  3.98  3.38  2.72  2.11  0.42 
485  0.06  3.98  3.38  2.73  2.12  0.42 
486  0.06  3.97  3.37  2.72  2.12  0.42 
487  0.06  3.98  3.38  2.72  2.12  0.44 
488  0.06  3.98  3.38  2.73  2.09  0.32 
489  0.06  3.98  3.37  2.72  2.10  0.32 
490  0.06  3.97  3.38  2.72  2.11  0.33 
491  0.06  3.99  3.38  2.73  2.11  0.33 
492  0.06  3.96  3.37  2.73  2.12  0.34 
493  0.06  3.98  3.39  2.72  2.13  0.34 
494  0.06  3.98  3.38  2.72  2.09  0.34 
495  0.06  3.97  3.37  2.72  2.10  0.35 
496  0.06  3.97  3.38  2.72  2.11  0.35 
497  0.06  3.98  3.39  2.72  2.10  0.36 
498  0.06  3.96  3.37  2.72  2.11  0.37 
499  0.06  3.97  3.38  2.72  2.13  0.37 
500  0.06  3.97  3.38  2.72  2.09  0.38 
501  0.06  3.96  3.37  2.72  2.09  0.38 
502  0.06  3.98  3.38  2.73  2.11  0.38 
503  0.06  3.96  3.38  2.72  2.11  0.39 
504  0.06  3.97  3.37  2.72  2.11  0.39 
505  0.06  3.97  3.37  2.72  2.12  0.40 
506  0.06  3.97  3.38  2.72  2.09  0.40 
507  0.06  3.97  3.36  2.72  2.09  0.41 
508  0.06  3.96  3.37  2.72  2.11  0.41 
509  0.06  3.97  3.38  2.72  2.10  0.42 
510  0.06  3.96  3.36  2.72  2.11  0.42 
511  0.06  3.98  3.38  2.72  2.11  0.42 
512  0.05  3.98  3.38  2.72  2.10  0.32 
513  0.05  3.95  3.36  2.73  2.09  0.32 
514  0.06  3.97  3.38  2.72  2.11  0.32 
515  0.06  4.27  3.37  2.72  2.11  0.33 
516  0.06  4.22  3.36  2.72  2.11  0.33 
517  0.05  4.26  3.37  2.72  2.12  0.34 
518  0.06  3.97  3.38  2.72  2.08  0.34 
519  0.05  3.97  3.37  2.72  2.09  0.34 
520  0.05  3.96  3.38  2.72  2.10  0.35 
521  0.05  3.97  3.39  2.72  2.10  0.36 
522  0.05  3.97  3.37  2.72  2.11  0.36 
523  0.05  3.97  3.37  2.72  2.12  0.36 
524  0.05  3.97  3.38  2.72  2.08  0.37 
525  0.06  3.97  3.37  2.72  2.09  0.37 
526  0.06  3.96  3.37  2.72  2.10  0.38 
527  0.06  4.01  3.38  2.72  2.11  0.38 
528  0.05  3.95  3.36  2.72  2.10  0.38 
529  0.06  3.98  3.37  2.72  2.12  0.39 
530  0.05  3.97  3.38  2.72  2.08  0.39 
531  0.05  3.96  3.37  2.72  2.09  0.40 
532  0.06  3.97  3.37  2.72  2.11  0.40 
533  0.05  3.96  3.37  2.72  2.11  0.41 
534  0.06  3.97  3.37  2.72  2.10  0.41 
535  0.05  3.96  3.37  2.72  2.11  0.41 
536  0.05  3.98  3.37  2.72  2.09  0.31 
537  0.05  3.96  3.37  2.72  2.09  0.31 
538  0.05  3.97  3.37  2.72  2.10  0.32 
539  0.05  3.97  3.38  2.72  2.12  0.32 
540  0.05  3.96  3.37  2.72  2.11  0.32 
541  0.05  3.98  3.38  2.72  2.11  0.33 
542  0.06  3.96  3.38  2.72  2.08  0.34 
543  0.06  3.96  3.37  2.72  2.09  0.34 
544  0.06  3.97  3.38  2.72  2.10  0.35 
545  0.07  3.95  3.38  2.72  2.12  0.35 
546  0.06  3.97  3.36  2.72  2.10  0.35 
547  0.07  3.97  3.37  2.72  2.11  0.35 
548  0.06  3.96  3.38  2.72  2.08  0.36 
549  0.06  3.96  3.36  2.72  2.08  0.36 
550  0.07  3.96  3.37  2.72  2.10  0.37 
551  0.07  3.95  3.37  2.72  2.11  0.37 
552  0.06  3.96  3.36  2.72  2.10  0.37 
553  0.07  3.97  3.37  2.72  2.11  0.38 
554  0.06  3.95  3.37  2.72  2.09  0.39 
555  0.06  3.97  3.36  2.72  2.09  0.39 
556  0.06  3.96  3.37  2.71  2.10  0.39 
557  0.06  3.96  3.38  2.72  2.10  0.39 
558  0.06  3.96  3.36  2.72  2.10  0.39 
559  0.06  3.98  3.37  2.72  2.11  0.41 
560  0.06  3.96  3.37  2.71  2.08  0.31 
561  0.06  3.96  3.37  2.72  2.09  0.31 
562  0.06  3.96  3.37  2.72  2.10  0.31 
563  0.06  4.26  3.37  2.72  2.10  0.32 
564  0.06  3.95  3.36  2.72  2.10  0.32 
565  0.06  3.95  3.37  2.72  2.11  0.33 
566  0.06  3.96  3.37  2.72  2.08  0.33 
567  0.06  3.96  3.36  2.72  2.08  0.34 
568  0.06  3.95  3.37  2.71  2.10  0.35 
569  0.06  3.95  3.37  2.72  2.09  0.34 
570  0.06  3.96  3.36  2.72  2.10  0.35 
571  0.06  3.97  3.37  2.71  2.11  0.35 
572  0.06  3.96  3.37  2.72  2.08  0.36 
573  0.05  3.94  3.36  2.72  2.08  0.36 
574  0.06  3.96  3.38  2.72  2.09  0.37 
575  0.06  4.01  3.37  2.72  2.09  0.37 
576  0.06  3.97  3.36  2.72  2.10  0.37 
577  0.06  3.96  3.37  2.71  2.11  0.37 
578  0.06  3.95  3.37  2.72  2.08  0.38 
579  0.06  3.95  3.36  2.72  2.08  0.38 
580  0.06  3.96  3.37  2.71  2.09  0.39 
581  0.06  3.97  3.37  2.72  2.09  0.39 
582  0.05  3.97  3.36  2.71  2.10  0.39 
583  0.06  3.97  3.37  2.72  2.11  0.40 
584  0.06  3.96  3.37  2.72  2.09  0.30 
585  0.06  3.95  3.36  2.72  2.08  0.30 
586  0.06  3.95  3.38  2.71  2.09  0.31 
587  0.06  3.96  3.37  2.72  2.09  0.31 
588  0.05  3.95  3.36  2.71  2.10  0.31 
589  0.06  3.97  3.37  2.71  2.10  0.32 
590  0.06  3.97  3.37  2.72  2.08  0.33 
591  0.06  3.95  3.36  2.71  2.08  0.33 
592  0.06  3.95  3.37  2.72  2.09  0.33 
593  0.06  3.95  3.37  2.72  2.10  0.34 
594  0.06  3.95  3.36  2.71  2.09  0.34 
595  0.05  3.95  3.37  2.72  2.10  0.35 
596  0.05  3.95  3.37  2.71  2.08  0.35 
597  0.05  3.95  3.36  2.71  2.08  0.35 
598  0.05  3.95  3.37  2.71  2.09  0.35 
599  0.06  3.95  3.37  2.71  2.09  0.36 
600  0.05  3.95  3.36  2.72  2.09  0.36 
601  0.05  3.95  3.37  2.71  2.10  0.37 
602  0.06  3.96  3.37  2.71  2.07  0.37 
603  0.05  3.96  3.37  2.71  2.08  0.37 
604  0.05  3.96  3.37  2.71  2.09  0.38 
605  0.05  3.96  3.37  2.72  2.09  0.38 
606  0.05  3.96  3.36  2.71  2.10  0.39 
607  0.05  3.96  3.37  2.71  2.10  0.39 
608  0.05  3.96  3.37  2.71  2.07  0.30 
609  0.06  3.96  3.36  2.71  2.08  0.31 
610  0.06  3.95  3.37  2.71  2.09  0.31 
611  0.06  3.95  3.37  2.72  2.10  0.31 
612  0.06  3.96  3.36  2.72  2.09  0.31 
613  0.06  3.95  3.37  2.71  2.10  0.32 
614  0.06  3.95  3.37  2.71  2.08  0.32 
615  0.06  3.94  3.37  2.71  2.08  0.33 
616  0.06  3.95  3.37  2.71  2.08  0.33 
617  0.06  3.95  3.37  2.71  2.09  0.34 
618  0.06  3.94  3.36  2.71  2.09  0.34 
619  0.05  3.95  3.37  2.71  2.10  0.34 
620  0.05  3.94  3.37  2.71  2.08  0.35 
621  0.06  3.95  3.36  2.71  2.08  0.35 
622  0.05  3.99  3.37  2.71  2.08  0.35 
623  0.05  3.96  3.37  2.71  2.09  0.36 
624  0.05  3.96  3.36  2.71  2.09  0.36 
625  0.05  3.96  3.37  2.71  2.10  0.36 
626  0.05  3.96  3.37  2.71  2.08  0.37 
627  0.05  3.95  3.36  2.71  2.08  0.37 
628  0.05  3.95  3.37  2.71  2.08  0.38 
629  0.05  3.94  3.37  2.72  2.10  0.38 
630  0.05  3.94  3.36  2.71  2.09  0.38 
631  0.05  3.96  3.37  2.71  2.10  0.38 
632  0.05  3.96  3.37  2.72  2.07  0.29 
633  0.05  3.95  3.36  2.71  2.08  0.30 
634  0.05  3.95  3.37  2.71  2.09  0.30 
635  0.05  3.95  3.37  2.71  2.09  0.31 
636  0.05  3.94  3.36  2.71  2.09  0.31 
637  0.05  3.95  3.37  2.71  2.09  0.31 
638  0.05  3.95  3.37  2.71  2.07  0.32 
639  0.05  3.95  3.36  2.71  2.07  0.32 
640  0.05  3.95  3.37  2.71  2.08  0.32 
641  0.05  3.94  3.36  2.71  2.10  0.33 
642  0.05  3.94  3.36  2.71  2.09  0.33 
643  0.05  3.96  3.37  2.71  2.10  0.34 
644  0.05  3.95  3.37  2.71  2.07  0.34 
645  0.05  3.94  3.36  2.71  2.08  0.34 
646  0.05  3.94  3.37  2.71  2.08  0.35 
647  0.05  3.94  3.37  2.71  2.09  0.35 
648  0.05  3.95  3.36  2.71  2.09  0.35 
649  0.05  3.96  3.37  2.71  2.09  0.36 
650  0.05  3.94  3.37  2.71  2.07  0.36 
651  0.05  3.95  3.36  2.71  2.08  0.36 
652  0.05  3.95  3.37  2.71  2.09  0.37 
653  0.05  3.95  3.37  2.72  2.08  0.37 
654  0.05  3.93  3.36  2.71  2.09  0.37 
655  0.05  3.95  3.37  2.71  2.09  0.38 
656  0.05  3.95  3.37  2.71  2.08  0.29 
657  0.05  3.95  3.36  2.71  2.08  0.30 
658  0.05  3.94  3.37  2.71  2.09  0.30 
659  0.05  3.95  3.37  2.71  2.08  0.30 
660  0.05  3.94  3.36  2.71  2.09  0.31 
661  0.05  3.94  3.37  2.71  2.09  0.31 
662  0.05  3.95  3.37  2.71  2.08  0.31 
663  0.05  3.95  3.36  2.71  2.07  0.32 
664  0.05  3.94  3.37  2.71  2.08  0.32 
665  0.05  3.94  3.37  2.71  2.08  0.32 
666  0.05  3.95  3.36  2.71  2.08  0.33 
667  0.05  3.94  3.37  2.71  2.09  0.33 
668  0.05  3.94  3.37  2.71  2.07  0.34 
669  0.05  3.95  3.36  2.71  2.07  0.34 
670  0.05  3.94  3.36  2.71  2.08  0.34 
671  0.05  3.98  3.37  2.71  2.09  0.34 
672  0.05  3.94  3.36  2.71  2.08  0.35 
673  0.06  3.94  3.37  2.71  2.10  0.35 
674  0.06  3.95  3.37  2.71  2.08  0.36 
675  0.06  3.93  3.36  2.71  2.07  0.36 
676  0.06  3.95  3.37  2.71  2.08  0.36 
677  0.06  3.94  3.37  2.71  2.08  0.37 
678  0.06  3.94  3.36  2.71  2.08  0.37 
679  0.06  3.95  3.37  2.71  2.09  0.37 
680  0.06  3.94  3.37  2.71  2.07  0.29 
681  0.06  3.94  3.36  2.71  2.07  0.29 
682  0.06  3.94  3.37  2.71  2.08  0.30 
683  0.06  3.95  3.37  2.71  2.08  0.30 
684  0.06  3.94  3.36  2.71  2.08  0.30 
685  0.06  3.94  3.36  2.71  2.09  0.31 
686  0.06  3.95  3.37  2.71  2.08  0.31 
687  0.06  3.93  3.36  2.71  2.07  0.31 
688  0.05  3.95  3.37  2.71  2.08  0.32 
689  0.06  3.94  3.37  2.71  2.08  0.32 
690  0.06  3.95  3.36  2.71  2.08  0.32 
691  0.05  3.94  3.37  2.71  2.09  0.32 
692  0.05  3.96  3.36  2.71  2.07  0.33 
693  0.05  3.94  3.36  2.71  2.07  0.33 
694  0.05  3.96  3.37  2.71  2.08  0.33 
695  0.05  3.94  3.36  2.71  2.08  0.34 
696  0.05  3.95  3.36  2.71  2.08  0.34 
697  0.05  3.94  3.37  2.71  2.09  0.35 
698  0.05  3.95  3.36  2.71  2.07  0.35 
699  0.05  3.93  3.36  2.71  2.07  0.35 
700  0.05  3.95  3.36  2.71  2.08  0.36 
701  0.05  3.93  3.37  2.71  2.08  0.36 
702  0.05  3.94  3.36  2.71  2.08  0.36 
703  0.05  3.94  3.37  2.71  2.09  0.36 
704  0.05  3.94  3.37  2.71  2.07  0.29 
705  0.05  3.95  3.36  2.71  2.07  0.29 
706  0.05  3.93  3.37  2.71  2.08  0.29 
707  0.05  3.95  3.36  2.71  2.08  0.30 
708  0.05  3.93  3.36  2.71  2.08  0.30 
709  0.05  3.94  3.37  2.71  2.09  0.30 
710  0.05  3.94  3.37  2.71  2.06  0.31 
711  0.05  3.93  3.36  2.71  2.07  0.31 
712  0.05  3.94  3.37  2.71  2.08  0.31 
713  0.05  3.94  3.37  2.71  2.08  0.32 
714  0.05  3.94  3.36  2.71  2.08  0.32 
715  0.05  3.94  3.37  2.71  2.09  0.32 
716  0.05  3.94  3.37  2.71  2.06  0.33 
717  0.05  3.94  3.36  2.71  2.07  0.33 
718  0.05  3.94  3.36  2.71  2.08  0.33 
719  0.05  3.97  3.37  2.71  2.08  0.34 
720  0.05  3.95  3.36  2.71  2.08  0.34 
721  0.05  3.94  3.36  2.71  2.09  0.34 
722  0.05  3.94  3.37  2.71  2.07  0.35 
723  0.05  3.94  3.36  2.71  2.07  0.35 
724  0.05  3.94  3.37  2.70  2.07  0.35 
725  0.05  3.93  3.37  2.71  2.07  0.36 
726  0.05  3.94  3.36  2.71  2.08  0.36 
727  0.05  3.94  3.36  2.71  2.09  0.36 
728  0.05  3.93  3.36  2.71  2.06  0.29 
729  0.05  3.93  3.36  2.71  2.07  0.28 
730  0.05  3.95  3.36  2.71  2.07  0.29 
731  0.05  3.94  3.37  2.71  2.07  0.30 
732  0.05  3.93  3.36  2.70  2.08  0.30 
733  0.05  3.95  3.37  2.70  2.08  0.30 
734  0.05  3.94  3.37  2.71  2.06  0.30 
735  0.05  3.93  3.36  2.71  2.07  0.30 
736  0.05  3.94  3.37  2.71  2.07  0.31 
737  0.05  3.95  3.37  2.71  2.07  0.31 
738  0.05  3.94  3.36  2.71  2.08  0.31 
739  0.05  3.93  3.36  2.70  2.09  0.32 
740  0.05  3.93  3.36  2.71  2.07  0.32 
741  0.05  3.95  3.36  2.70  2.07  0.32 
742  0.05  3.95  3.36  2.71  2.07  0.33 
743  0.05  3.93  3.37  2.71  2.08  0.33 
744  0.05  3.92  3.36  2.70  2.08  0.33 
745  0.05  3.94  3.37  2.70  2.09  0.34 
746  0.05  3.94  3.36  2.71  2.07  0.34 
747  0.05  3.94  3.36  2.71  2.06  0.34 
748  0.05  3.94  3.37  2.71  2.08  0.35 
749  0.05  3.93  3.36  2.71  2.08  0.35 
750  0.05  3.93  3.36  2.70  2.08  0.35 
751  0.05  3.94  3.36  2.71  2.09  0.35 
752  0.05  3.94  3.37  2.71  2.06  0.28 
753  0.05  3.94  3.36  2.71  2.06  0.28 
754  0.05  3.94  3.37  2.71  2.08  0.29 
755  0.05  3.93  3.37  2.71  2.07  0.29 
756  0.05  3.92  3.36  2.70  2.07  0.29 
757  0.05  3.94  3.37  2.71  2.08  0.30 
758  0.05  3.94  3.36  2.70  2.06  0.30 
759  0.05  3.94  3.36  2.71  2.07  0.30 
760  0.05  3.94  3.36  2.71  2.07  0.31 
761  0.05  3.94  3.37  2.70  2.07  0.31 
762  0.05  3.93  3.36  2.71  2.08  0.31 
763  0.05  3.94  3.37  2.70  2.08  0.32 
764  0.05  3.93  3.36  2.70  2.06  0.32 
765  0.05  3.93  3.36  2.71  2.06  0.32 
766  0.05  3.96  3.36  2.70  2.07  0.33 
767  0.05  3.96  3.36  2.71  2.07  0.33 
768  0.05  3.94  3.36  2.70  2.08  0.33 
769  0.05  3.94  3.36  2.71  2.08  0.34 
770  0.05  3.94  3.36  2.71  2.06  0.34 
771  0.05  3.94  3.36  2.71  2.06  0.34 
772  0.05  3.95  3.37  2.70  2.07  0.34 
773  0.05  3.95  3.36  2.71  2.08  0.35 
774  0.05  3.94  3.36  2.70  2.07  0.35 
775  0.05  3.95  3.37  2.70  2.08  0.35 
776  0.05  3.94  3.37  2.71  2.07  0.28 
777  0.05  3.94  3.36  2.70  2.06  0.28 
778  0.05  3.94  3.37  2.70  2.07  0.28 
779  0.05  3.94  3.36  2.71  2.07  0.29 
780  0.05  3.94  3.36  2.71  2.07  0.29 
781  0.05  3.94  3.36  2.71  2.08  0.29 
782  0.05  3.94  3.37  2.71  2.06  0.30 
783  0.05  3.94  3.36  2.70  2.06  0.30 
784  0.05  3.93  3.36  2.70  2.07  0.30 
785  0.05  3.94  3.36  2.71  2.07  0.30 
786  0.05  3.95  3.36  2.71  2.07  0.31 
787  0.05  3.94  3.36  2.70  2.08  0.32 
788  0.05  3.94  3.36  2.71  2.06  0.31 
789  0.05  3.94  3.36  2.71  2.06  0.32 
790  0.05  3.93  3.36  2.71  2.07  0.32 
791  0.04  3.93  3.36  2.71  2.07  0.32 
792  0.05  3.93  3.36  2.70  2.07  0.32 
793  0.05  3.93  3.36  2.70  2.08  0.33 
794  0.05  3.92  3.36  2.71  2.06  0.33 
795  0.05  3.93  3.36  2.70  2.06  0.33 
796  0.05  3.93  3.36  2.70  2.07  0.34 
797  0.05  3.93  3.36  2.71  2.07  0.34 
798  0.05  3.93  3.36  2.70  2.07  0.34 
799  0.04  3.94  3.36  2.71  2.08  0.35 
800  0.05  3.94  3.37  2.70  2.06  0.28 
801  0.05  3.93  3.36  2.70  2.06  0.28 
802  0.05  3.93  3.36  2.70  2.07  0.28 
803  0.05  3.92  3.36  2.71  2.07  0.29 
804  0.05  3.93  3.36  2.71  2.07  0.29 
805  0.05  3.93  3.36  2.71  2.08  0.29 
806  0.05  3.94  3.37  2.71  2.06  0.30 
807  0.05  3.94  3.36  2.71  2.06  0.30 
808  0.05  3.93  3.36  2.70  2.06  0.30 
809  0.05  3.92  3.36  2.71  2.07  0.30 
810  0.05  3.93  3.36  2.70  2.07  0.31 
811  0.05  3.93  3.36  2.71  2.08  0.31 
812  0.05  3.94  3.36  2.70  2.06  0.31 
813  0.05  3.93  3.36  2.70  2.06  0.31 
814  0.05  3.93  3.37  2.70  2.07  0.32 
815  0.05  3.93  3.36  2.70  2.07  0.32 
816  0.05  3.93  3.36  2.70  2.07  0.32 
817  0.05  3.98  3.36  2.70  2.08  0.33 
818  0.05  3.93  3.36  2.70  2.06  0.33 
819  0.05  3.93  3.36  2.70  2.06  0.33 
820  0.05  3.93  3.36  2.70  2.07  0.34 
821  0.05  3.94  3.36  2.70  2.07  0.34 
822  0.05  3.93  3.36  2.70  2.07  0.34 
823  0.05  3.92  3.36  2.70  2.08  0.34 
824  0.05  3.94  3.36  2.70  2.06  0.28 
825  0.05  3.94  3.36  2.70  2.06  0.28 
826  0.05  3.92  3.37  2.70  2.07  0.28 
827  0.05  3.93  3.36  2.70  2.07  0.28 
828  0.05  3.93  3.36  2.70  2.07  0.29 
829  0.05  3.93  3.36  2.70  2.07  0.29 
830  0.05  3.92  3.36  2.70  2.06  0.29 
831  0.05  3.93  3.36  2.71  2.06  0.30 
832  0.05  3.94  3.36  2.70  2.07  0.30 
833  0.05  3.93  3.36  2.71  2.06  0.30 
834  0.05  3.92  3.36  2.71  2.07  0.30 
835  0.05  3.97  3.36  2.70  2.08  0.31 
836  0.05  3.93  3.36  2.71  2.06  0.31 
837  0.05  3.92  3.36  2.70  2.06  0.31 
838  0.05  3.97  3.36  2.70  2.07  0.31 
839  0.05  3.93  3.37  2.70  2.07  0.32 
840  0.05  3.93  3.36  2.70  2.07  0.32 
841  0.05  3.96  3.36  2.70  2.08  0.32 
842  0.05  3.92  3.36  2.71  2.06  0.33 
843  0.05  3.93  3.36  2.70  2.06  0.33 
844  0.05  3.93  3.36  2.70  2.07  0.33 
845  0.05  3.92  3.36  2.70  2.07  0.33 
846  0.05  3.93  3.36  2.70  2.07  0.34 
847  0.05  3.92  3.36  2.70  2.08  0.34 
848  0.05  3.93  3.37  2.70  2.06  0.27 
849  0.05  3.94  3.36  2.70  2.06  0.27 
850  0.05  3.92  3.36  2.70  2.07  0.28 
851  0.05  3.94  3.36  2.70  2.07  0.28 
852  0.05  3.92  3.36  2.70  2.07  0.28 
853  0.05  3.94  3.36  2.70  2.07  0.29 
854  0.05  3.93  3.36  2.70  2.06  0.29 
855  0.05  3.92  3.36  2.70  2.06  0.29 
856  0.05  3.93  3.36  2.70  2.06  0.30 
857  0.05  3.92  3.36  2.70  2.07  0.30 
858  0.05  3.93  3.35  2.70  2.07  0.30 
859  0.05  3.92  3.36  2.70  2.07  0.31 
860  0.05  3.93  3.36  2.70  2.06  0.31 
861  0.05  3.92  3.36  2.70  2.06  0.31 
862  0.05  3.93  3.36  2.70  2.06  0.31 
863  0.05  3.93  3.36  2.70  2.07  0.32 
864  0.04  3.93  3.36  2.70  2.06  0.32 
865  0.05  3.92  3.36  2.70  2.07  0.32 
866  0.05  3.93  3.36  2.70  2.06  0.32 
867  0.05  3.92  3.36  2.70  2.06  0.32 
868  0.05  3.93  3.36  2.70  2.06  0.33 
869  0.05  3.92  3.36  2.70  2.07  0.33 
870  0.05  3.93  3.35  2.70  2.07  0.33 
871  0.05  3.92  3.36  2.70  2.07  0.34 
872  0.05  3.94  3.36  2.70  2.06  0.27 
873  0.05  3.92  3.35  2.70  2.06  0.27 
874  0.05  3.93  3.36  2.70  2.06  0.28 
875  0.05  3.92  3.36  2.70  2.07  0.28 
876  0.05  3.92  3.36  2.70  2.07  0.28 
877  0.05  3.93  3.36  2.70  2.07  0.29 
878  0.05  3.92  3.36  2.70  2.06  0.28 
879  0.05  3.93  3.36  2.70  2.06  0.29 
880  0.05  3.92  3.36  2.70  2.06  0.29 
881  0.05  3.93  3.36  2.70  2.07  0.30 
882  0.05  3.93  3.36  2.70  2.07  0.29 
883  0.05  3.93  3.36  2.70  2.07  0.30 
884  0.05  3.93  3.36  2.70  2.05  0.30 
885  0.05  3.91  3.36  2.70  2.05  0.31 
886  0.05  3.93  3.36  2.70  2.07  0.31 
887  0.05  3.92  3.36  2.70  2.06  0.31 
888  0.05  3.92  3.36  2.70  2.06  0.31 
889  0.05  3.94  3.36  2.70  2.07  0.32 
890  0.05  3.93  3.36  2.70  2.05  0.32 
891  0.05  3.92  3.36  2.70  2.06  0.32 
892  0.04  3.93  3.36  2.70  2.07  0.32 
893  0.05  3.92  3.36  2.70  2.06  0.32 
894  0.04  3.92  3.36  2.70  2.06  0.33 
895  0.05  3.94  3.36  2.70  2.07  0.33 
896  0.05  3.92  3.36  2.70  2.05  0.27 
897  0.04  3.92  3.36  2.70  2.05  0.27 
898  0.05  3.93  3.36  2.70  2.06  0.28 
899  0.05  3.92  3.36  2.70  2.06  0.28 
900  0.05  3.92  3.35  2.70  2.06  0.28 
901  0.05  3.94  3.36  2.70  2.07  0.28 
902  0.05  3.93  3.36  2.70  2.05  0.29 
903  0.05  3.91  3.35  2.70  2.06  0.29 
904  0.04  3.93  3.36  2.70  2.06  0.29 
905  0.04  3.93  3.36  2.70  2.07  0.30 
906  0.05  3.92  3.36  2.70  2.06  0.29 
907  0.05  3.91  3.36  2.70  2.07  0.30 
908  0.05  3.93  3.36  2.70  2.05  0.30 
909  0.05  3.93  3.36  2.70  2.06  0.31 
910  0.05  3.95  3.36  2.70  2.06  0.31 
911  0.04  3.92  3.36  2.70  2.06  0.31 
912  0.04  3.93  3.36  2.70  2.06  0.31 
913  0.04  3.94  3.36  2.70  2.07  0.32 
914  0.04  3.93  3.36  2.70  2.05  0.32 
915  0.04  3.91  3.36  2.70  2.05  0.32 
916  0.04  3.92  3.36  2.70  2.06  0.32 
917  0.04  3.92  3.36  2.70  2.06  0.32 
918  0.05  3.93  3.36  2.70  2.07  0.32 
919  0.04  3.93  3.36  2.70  2.07  0.33 
920  0.04  3.93  3.36  2.70  2.05  0.27 
921  0.05  3.92  3.36  2.70  2.05  0.27 
922  0.04  3.92  3.36  2.70  2.06  0.28 
923  0.04  3.93  3.36  2.70  2.06  0.28 
924  0.04  3.93  3.36  2.70  2.06  0.28 
925  0.04  3.93  3.36  2.70  2.07  0.30 
926  0.04  3.92  3.36  2.70  2.05  0.30 
927  0.04  3.92  3.35  2.70  2.05  0.30 
928  0.05  3.91  3.36  2.70  2.06  0.30 
929  0.05  3.92  3.36  2.70  2.06  0.30 
930  0.05  3.93  3.35  2.70  2.06  0.30 
931  0.05  3.93  3.36  2.70  2.07  0.31 
932  0.05  3.93  3.36  2.70  2.05  0.31 
933  0.05  3.92  3.35  2.70  2.06  0.31 
934  0.05  3.92  3.36  2.70  2.06  0.31 
935  0.05  3.92  3.36  2.70  2.06  0.32 
936  0.05  3.91  3.36  2.70  2.06  0.31 
937  0.05  3.91  3.36  2.70  2.07  0.33 
938  0.05  3.91  3.36  2.70  2.05  0.33 
939  0.05  3.91  3.36  2.70  2.06  0.33 
940  0.05  3.92  3.36  2.70  2.06  0.33 
941  0.05  3.92  3.36  2.70  2.06  0.33 
942  0.05  3.92  3.35  2.70  2.06  0.34 
943  0.05  3.93  3.36  2.70  2.07  0.34 
944  0.05  3.92  3.36  2.70  2.06  0.28 
945  0.05  3.92  3.35  2.70  2.06  0.28 
946  0.05  3.93  3.36  2.70  2.06  0.29 
947  0.05  3.93  3.36  2.70  2.07  0.29 
948  0.05  3.92  3.36  2.70  2.06  0.28 
949  0.05  3.93  3.36  2.70  2.08  0.29 
950  0.05  3.93  3.36  2.70  2.05  0.30 
951  0.05  3.92  3.36  2.70  2.05  0.29 
952  0.05  3.93  3.36  2.70  2.06  0.30 
953  0.05  3.93  3.36  2.70  2.07  0.30 
954  0.05  3.93  3.36  2.70  2.06  0.30 
955  0.05  3.93  3.36  2.70  2.06  0.31 
956  0.05  3.92  3.36  2.70  2.06  0.31 
957  0.05  3.92  3.36  2.70  2.05  0.31 
958  0.05  3.95  3.36  2.70  2.06  0.32 
959  0.05  3.92  3.36  2.70  2.06  0.32 
960  0.05  3.92  3.35  2.70  2.06  0.31 
961  0.05  3.91  3.36  2.70  2.07  0.32 
962  0.05  3.91  3.36  2.70  2.06  0.32 
963  0.05  3.93  3.36  2.70  2.06  0.32 
964  0.05  3.92  3.36  2.70  2.07  0.32 
965  0.05  3.92  3.36  2.70  2.06  0.32 
966  0.05  3.92  3.35  2.70  2.06  0.32 
967  0.05  3.93  3.36  2.69  2.07  0.32 
968  0.05  3.93  3.36  2.70  2.06  0.26 
969  0.05  3.92  3.35  2.70  2.06  0.27 
970  0.05  3.92  3.36  2.70  2.06  0.27 
971  0.05  3.92  3.36  2.70  2.06  0.27 
972  0.05  3.91  3.35  2.70  2.06  0.27 
973  0.05  3.92  3.36  2.70  2.07  0.28 
974  0.05  3.92  3.36  2.70  2.06  0.28 
975  0.05  3.92  3.35  2.70  2.05  0.28 
976  0.05  3.93  3.36  2.70  2.06  0.29 
977  0.05  3.93  3.36  2.70  2.06  0.29 
978  0.04  3.92  3.36  2.70  2.06  0.29 
979  0.05  3.91  3.36  2.70  2.07  0.30 
980  0.04  3.92  3.36  2.70  2.05  0.30 
981  0.04  3.92  3.36  2.70  2.05  0.30 
982  0.04  3.93  3.36  2.70  2.06  0.31 
983  0.04  3.92  3.36  2.70  2.06  0.31 
984  0.04  3.91  3.36  2.70  2.06  0.31 
985  0.04  3.91  3.36  2.70  2.07  0.33 
986  0.04  3.92  3.36  2.70  2.05  0.33 
987  0.04  3.93  3.35  2.70  2.05  0.33 
988  0.04  3.92  3.36  2.70  2.06  0.33 
989  0.04  3.91  3.36  2.70  2.06  0.33 
990  0.05  3.92  3.36  2.70  2.06  0.33 
991  0.04  3.93  3.36  2.70  2.07  0.33 
992  0.04  3.92  3.36  2.70  2.05  0.28 
993  0.05  3.91  3.35  2.70  2.05  0.28 
994  0.05  3.92  3.36  2.70  2.06  0.28 
995  0.05  3.93  3.36  2.70  2.06  0.28 
996  0.05  3.92  3.35  2.70  2.06  0.28 
997  0.05  3.91  3.36  2.71  2.06  0.29 
998  0.05  3.92  3.36  2.71  2.05  0.29 
999  0.05  3.93  3.36  2.70  2.05  0.29 
1000  0.05  3.92  3.36  2.71  2.06  0.29 
1001  0.05  3.92  3.36  2.71  2.06  0.29 
1002  0.05  3.92  3.36  2.70  2.06  0.29 
1003  0.05  3.92  3.36  2.71  2.06  0.30 
1004  0.05  3.92  3.36  2.71  2.05  0.30 
1005  0.05  3.92  3.36  2.70  2.06  0.29 
1006  0.05  3.94  3.36  2.71  2.06  0.30 
1007  0.05  3.92  3.36  2.71  2.06  0.30 
1008  0.04  3.92  3.35  2.70  2.07  0.30 
1009  0.05  3.93  3.36  2.71  2.07  0.30 
1010  0.05  3.92  3.36  2.71  2.05  0.31 
1011  0.05  3.92  3.35  2.70  2.05  0.31 
1012  0.05  3.93  3.36  2.71  2.06  0.31 
1013  0.05  3.93  3.36  2.71  2.06  0.32 
1014  0.04  3.92  3.36  2.70  2.06  0.32 
1015  0.05  3.92  3.37  2.71  2.06  0.32 
1016  0.05  3.94  3.37  2.71  2.05  0.26 
1017  0.05  3.91  3.36  2.70  2.06  0.27 
1018  0.05  3.92  3.37  2.71  2.06  0.27 
1019  0.05  3.92  3.37  2.71  2.07  0.27 
1020  0.05  3.91  3.36  2.70  2.06  0.27 
1021  0.05  3.93  3.37  2.71  2.06  0.28 
1022  0.04  3.91  3.38  2.71  2.05  0.28 
1023  0.04  3.92  3.36  2.70  2.05  0.28 
1024  0.04  3.91  3.37  2.71  2.06  0.29 
1025  0.04  3.92  3.37  2.71  2.06  0.29 
1026  0.04  3.92  3.36  2.70  2.06  0.29 
1027  0.04  3.91  3.38  2.71  2.06  0.30 
1028  0.04  3.92  3.37  2.71  2.05  0.31 
1029  0.04  3.91  3.36  2.70  2.05  0.30 
1030  0.04  3.93  3.37  2.71  2.06  0.30 
1031  0.04  3.91  3.37  2.71  2.06  0.31 
1032  0.04  3.93  3.35  2.70  2.06  0.31 
1033  0.04  3.92  3.36  2.70  2.06  0.31 
1034  0.04  3.92  3.36  2.70  2.05  0.31 
1035  0.04  3.91  3.35  2.70  2.05  0.30 
1036  0.04  3.92  3.36  2.70  2.06  0.31 
1037  0.04  3.91  3.36  2.70  2.06  0.31 
1038  0.04  3.92  3.35  2.70  2.06  0.31 
1039  0.04  3.91  3.36  2.69  2.06  0.32 
1040  0.04  3.92  3.36  2.70  2.05  0.27 
1041  0.04  3.91  3.35  2.70  2.05  0.26 
1042  0.04  3.92  3.36  2.70  2.06  0.27 
1043  0.04  3.91  3.36  2.70  2.06  0.27 
1044  0.04  3.92  3.35  2.70  2.06  0.27 
1045  0.04  3.92  3.36  2.70  2.06  0.27 
1046  0.04  3.92  3.36  2.70  2.05  0.28 
1047  0.04  3.92  3.36  2.70  2.05  0.28 
1048  0.04  3.91  3.36  2.69  2.05  0.28 
1049  0.04  3.92  3.36  2.70  2.06  0.28 
1050  0.04  3.91  3.35  2.70  2.06  0.29 
1051  0.04  3.92  3.36  2.70  2.06  0.29 
1052  0.04  3.92  3.36  2.70  2.04  0.29 
1053  0.04  3.91  3.35  2.70  2.05  0.29 
1054  0.04  3.95  3.36  2.70  2.06  0.29 
1055  0.04  3.93  3.36  2.70  2.06  0.30 
1056  0.05  3.92  3.35  2.70  2.06  0.30 
1057  0.05  3.92  3.36  2.70  2.06  0.30 
1058  0.05  3.91  3.36  2.71  2.04  0.30 
1059  0.05  3.92  3.35  2.69  2.05  0.30 
1060  0.05  3.92  3.36  2.70  2.05  0.31 
1061  0.05  3.93  3.36  2.70  2.06  0.31 
1062  0.05  3.92  3.35  2.69  2.06  0.31 
1063  0.05  3.92  3.36  2.70  2.06  0.31 
1064  0.05  3.91  3.36  2.70  2.05  0.26 
1065  0.05  3.92  3.35  2.70  2.05  0.26 
1066  0.05  3.91  3.36  2.70  2.05  0.27 
1067  0.05  3.91  3.36  2.70  2.05  0.27 
1068  0.05  3.92  3.35  2.69  2.06  0.27 
1069  0.05  3.92  3.36  2.70  2.06  0.27 
1070  0.05  3.91  3.36  2.70  2.04  0.27 
1071  0.05  3.92  3.35  2.70  2.05  0.28 
1072  0.04  3.92  3.36  2.69  2.05  0.28 
1073  0.05  3.91  3.36  2.70  2.06  0.28 
1074  0.05  3.91  3.35  2.70  2.05  0.28 
1075  0.05  3.92  3.36  2.70  2.06  0.28 
1076  0.05  3.93  3.36  2.70  2.05  0.29 
1077  0.05  3.91  3.35  2.69  2.05  0.29 
1078  0.05  3.92  3.36  2.69  2.05  0.29 
1079  0.05  3.92  3.36  2.70  2.05  0.29 
1080  0.04  3.91  3.35  2.69  2.06  0.29 
1081  0.05  3.91  3.36  2.69  2.06  0.30 
1082  0.04  3.92  3.36  2.70  2.05  0.30 
1083  0.05  3.92  3.35  2.70  2.05  0.30 
1084  0.05  3.92  3.36  2.70  2.05  0.31 
1085  0.05  3.91  3.36  2.70  2.06  0.31 
1086  0.05  3.91  3.35  2.70  2.06  0.31 
1087  0.05  3.92  3.36  2.70  2.06  0.31 
1088  0.05  3.92  3.36  2.70  2.05  0.26 
1089  0.05  3.92  3.35  2.70  2.05  0.26 
1090  0.04  3.91  3.36  2.70  2.05  0.27 
1091  0.05  3.90  3.36  2.70  2.05  0.27 
1092  0.05  3.91  3.36  2.69  2.05  0.27 
1093  0.05  3.92  3.36  2.70  2.06  0.27 
1094  0.05  3.92  3.36  2.70  2.05  0.27 
1095  0.04  3.91  3.35  2.70  2.05  0.27 
1096  0.05  3.91  3.36  2.69  2.05  0.28 
1097  0.05  3.91  3.36  2.70  2.05  0.28 
1098  0.05  3.91  3.35  2.70  2.05  0.28 
1099  0.04  3.91  3.36  2.69  2.06  0.28 
1100  0.05  3.92  3.36  2.70  2.04  0.29 
1101  0.05  3.92  3.35  2.70  2.05  0.29 
1102  0.05  3.94  3.36  2.69  2.05  0.29 
1103  0.05  3.93  3.36  2.70  2.05  0.29 
1104  0.04  3.91  3.36  2.70  2.05  0.30 
1105  0.04  3.91  3.36  2.70  2.06  0.30 
1106  0.04  3.91  3.36  2.70  2.04  0.30 
1107  0.04  3.90  3.35  2.69  2.05  0.30 
1108  0.04  3.91  3.36  2.69  2.05  0.31 
1109  0.05  3.91  3.36  2.70  2.05  0.31 
1110  0.04  3.91  3.35  2.70  2.05  0.31 
1111  0.04  3.92  3.36  2.69  2.06  0.31 
1112  0.04  3.92  3.36  2.69  2.04  0.26 
1113  0.04  3.92  3.35  2.69  2.05  0.26 
1114  0.04  3.93  3.36  2.69  2.05  0.26 
1115  0.04  3.92  3.36  2.70  2.05  0.26 
1116  0.04  3.91  3.35  2.70  2.05  0.27 
1117  0.04  3.92  3.36  2.70  2.06  0.27 
1118  0.04  3.91  3.36  2.70  2.05  0.27 
1119  0.04  3.91  3.35  2.70  2.04  0.27 
1120  0.04  3.92  3.36  2.70  2.05  0.28 
1121  0.04  3.91  3.36  2.70  2.05  0.28 
1122  0.04  3.92  3.35  2.69  2.05  0.28 
1123  0.05  3.92  3.36  2.69  2.06  0.28 
1124  0.04  3.91  3.36  2.70  2.05  0.28 
1125  0.04  3.91  3.35  2.70  2.04  0.28 
1126  0.04  3.91  3.36  2.70  2.05  0.29 
1127  0.04  3.91  3.36  2.70  2.06  0.29 
1128  0.04  3.91  3.35  2.70  2.05  0.29 
1129  0.04  3.92  3.36  2.69  2.06  0.29 
1130  0.04  3.92  3.36  2.70  2.04  0.30 
1131  0.04  3.92  3.35  2.69  2.05  0.30 
1132  0.04  3.92  3.36  2.70  2.05  0.30 
1133  0.05  3.92  3.36  2.70  2.05  0.30 
1134  0.04  3.91  3.35  2.69  2.05  0.30 
1135  0.04  3.92  3.36  2.69  2.06  0.31 
1136  0.04  3.91  3.36  2.70  2.04  0.26 
1137  0.04  3.91  3.35  2.69  2.04  0.26 
1138  0.04  3.91  3.36  2.69  2.05  0.26 
1139  0.04  3.92  3.36  2.69  2.05  0.26 
1140  0.04  3.91  3.35  2.69  2.05  0.26 
1141  0.04  3.91  3.36  2.69  2.06  0.27 
1142  0.04  3.91  3.36  2.69  2.04  0.27 
1143  0.04  3.92  3.35  2.69  2.04  0.27 
1144  0.04  3.92  3.36  2.69  2.05  0.27 
1145  0.04  3.92  3.36  2.69  2.05  0.28 
1146  0.04  3.91  3.35  2.69  2.05  0.28 
1147  0.04  3.90  3.35  2.70  2.06  0.28 
1148  0.04  3.91  3.36  2.70  2.04  0.28 
1149  0.04  3.91  3.35  2.69  2.04  0.29 
1150  0.04  3.94  3.36  2.69  2.05  0.29 
1151  0.04  3.94  3.36  2.70  2.05  0.29 
1152  0.04  3.91  3.35  2.69  2.05  0.29 
1153  0.04  3.91  3.36  2.69  2.06  0.29 
1154  0.04  3.91  3.36  2.70  2.04  0.30 
1155  0.04  3.91  3.35  2.69  2.04  0.30 
1156  0.04  3.92  3.36  2.69  2.05  0.30 
1157  0.04  3.91  3.36  2.69  2.05  0.30 
1158  0.04  3.90  3.35  2.69  2.05  0.30 
1159  0.04  3.91  3.36  2.69  2.06  0.31 
1160  0.04  3.92  3.36  2.69  2.04  0.26 
1161  0.04  3.92  3.35  2.69  2.04  0.26 
1162  0.04  3.91  3.36  2.70  2.05  0.26 
1163  0.04  3.90  3.36  2.69  2.05  0.26 
1164  0.04  3.91  3.35  2.70  2.05  0.26 
1165  0.04  3.92  3.36  2.69  2.05  0.27 
1166  0.04  3.91  3.36  2.69  2.04  0.27 
1167  0.04  3.90  3.35  2.69  2.04  0.27 
1168  0.04  3.91  3.36  2.69  2.05  0.27 
1169  0.04  3.92  3.36  2.69  2.05  0.28 
1170  0.04  3.91  3.35  2.69  2.05  0.28 
1171  0.04  3.92  3.35  2.70  2.06  0.28 
1172  0.04  3.91  3.36  2.70  2.04  0.28 
1173  0.04  3.92  3.35  2.69  2.04  0.28 
1174  0.04  3.91  3.36  2.70  2.05  0.29 
1175  0.04  3.91  3.36  2.69  2.05  0.29 
1176  0.04  3.91  3.35  2.70  2.05  0.29 
1177  0.04  3.91  3.36  2.69  2.06  0.29 
1178  0.04  3.91  3.36  2.70  2.04  0.29 
1179  0.04  3.92  3.35  2.69  2.04  0.29 
1180  0.04  3.91  3.36  2.69  2.05  0.30 
1181  0.04  3.91  3.36  2.70  2.05  0.30 
1182  0.04  3.91  3.35  2.69  2.05  0.30 
1183  0.04  3.91  3.36  2.70  2.06  0.30 
1184  0.04  3.91  3.36  2.70  2.04  0.26 
1185  0.04  3.92  3.35  2.70  2.04  0.26 
1186  0.05  3.90  3.36  2.69  2.05  0.26 
1187  0.05  3.92  3.36  2.69  2.05  0.26 
1188  0.05  3.91  3.35  2.70  2.05  0.26 
1189  0.05  3.91  3.36  2.69  2.05  0.27 
1190  0.05  3.92  3.36  2.70  2.04  0.27 
1191  0.05  3.90  3.35  2.70  2.04  0.27 
1192  0.05  3.91  3.36  2.69  2.05  0.27 
1193  0.05  3.91  3.36  2.70  2.05  0.27 
1194  0.05  3.91  3.35  2.70  2.05  0.28 
1195  0.05  3.92  3.36  2.69  2.05  0.28 
1196  0.05  3.90  3.36  2.69  2.05  0.28 
1197  0.05  3.91  3.35  2.69  2.05  0.28 
1198  0.05  3.92  3.36  2.69  2.05  0.29 
1199  0.05  3.93  3.36  2.69  2.05  0.29 
1200  0.05  3.91  3.35  2.69  2.05  0.29 
1201  0.04  3.92  3.35  2.69  2.06  0.29 
1202  0.04  3.91  3.35  2.69  2.05  0.29 
1203  0.04  3.91  3.35  2.69  2.04  0.29 
1204  0.04  3.91  3.36  2.70  2.05  0.30 
1205  0.04  3.91  3.36  2.70  2.05  0.30 
1206  0.04  3.91  3.35  2.69  2.05  0.30 
1207  0.04  3.91  3.36  2.69  2.05  0.30 
1208  0.04  3.91  3.36  2.70  2.05  0.26 
1209  0.04  3.91  3.35  2.69  2.04  0.26 
1210  0.04  3.91  3.36  2.70  2.05  0.26 
1211  0.04  3.91  3.36  2.70  2.05  0.26 
1212  0.04  3.91  3.35  2.69  2.05  0.26 
1213  0.04  3.91  3.36  2.69  2.05  0.27 
1214  0.04  3.91  3.36  2.70  2.04  0.27 
1215  0.04  3.91  3.35  2.69  2.04  0.27 
1216  0.04  3.91  3.36  2.69  2.05  0.27 
1217  0.04  3.91  3.35  2.69  2.05  0.27 
1218  0.04  3.90  3.35  2.69  2.05  0.27 
1219  0.04  3.91  3.36  2.69  2.05  0.28 
1220  0.04  3.90  3.36  2.70  2.05  0.28 
1221  0.04  3.91  3.35  2.69  2.04  0.28 
1222  0.04  3.91  3.36  2.69  2.05  0.28 
1223  0.04  3.91  3.36  2.70  2.05  0.29 
1224  0.04  3.92  3.35  2.69  2.05  0.29 
1225  0.04  3.91  3.36  2.69  2.05  0.29 
1226  0.04  3.92  3.36  2.69  2.05  0.29 
1227  0.04  3.91  3.35  2.69  2.04  0.29 
1228  0.04  3.91  3.36  2.70  2.05  0.29 
1229  0.04  3.92  3.36  2.69  2.05  0.30 
1230  0.04  3.90  3.35  2.69  2.05  0.30 
1231  0.04  3.91  3.36  2.69  2.06  0.30 
1232  0.04  3.91  3.36  2.69  2.04  0.25 
1233  0.04  3.90  3.35  2.69  2.04  0.26 
1234  0.04  3.92  3.35  2.69  2.05  0.26 
1235  0.04  3.91  3.36  2.69  2.05  0.26 
1236  0.04  3.90  3.35  2.69  2.05  0.26 
1237  0.04  3.92  3.36  2.69  2.05  0.26 
1238  0.04  3.91  3.36  2.69  2.04  0.26 
1239  0.04  3.90  3.35  2.69  2.04  0.27 
1240  0.04  3.92  3.36  2.69  2.05  0.27 
1241  0.04  3.91  3.36  2.69  2.05  0.27 
1242  0.04  3.90  3.35  2.70  2.05  0.27 
1243  0.04  3.91  3.36  2.69  2.05  0.28 
1244  0.04  3.91  3.36  2.69  2.04  0.28 
1245  0.04  3.90  3.35  2.69  2.04  0.28 
1246  0.04  3.92  3.36  2.69  2.05  0.28 
1247  0.04  3.94  3.36  2.70  2.05  0.28 
1248  0.04  3.91  3.35  2.69  2.05  0.28 
1249  0.04  3.91  3.36  2.69  2.05  0.29 
1250  0.04  3.91  3.36  2.69  2.04  0.29 
1251  0.04  3.92  3.35  2.69  2.04  0.29 
1252  0.04  3.91  3.36  2.69  2.04  0.29 
1253  0.04  3.90  3.36  2.69  2.05  0.29 
1254  0.04  3.91  3.35  2.69  2.05  0.30 
1255  0.04  3.92  3.36  2.69  2.05  0.30 
1256  0.04  3.91  3.36  2.69  2.05  0.25 
1257  0.04  3.90  3.35  2.69  2.04  0.26 
1258  0.04  3.90  3.36  2.69  2.05  0.26 
1259  0.04  3.91  3.36  2.69  2.05  0.26 
1260  0.04  3.91  3.35  2.69  2.05  0.26 
1261  0.04  3.91  3.36  2.69  2.05  0.26 
1262  0.04  3.90  3.36  2.69  2.04  0.26 
1263  0.04  3.90  3.35  2.69  2.04  0.27 
1264  0.04  3.91  3.35  2.69  2.05  0.27 
1265  0.04  3.92  3.36  2.69  2.05  0.27 
1266  0.04  3.91  3.35  2.69  2.05  0.27 
1267  0.04  3.91  3.36  2.69  2.05  0.27 
1268  0.04  3.90  3.36  2.69  2.04  0.28 
1269  0.04  3.90  3.35  2.69  2.04  0.28 
1270  0.04  3.91  3.35  2.69  2.04  0.28 
1271  0.04  3.91  3.36  2.69  2.05  0.28 
1272  0.04  3.92  3.35  2.69  2.05  0.28 
1273  0.04  3.92  3.36  2.69  2.05  0.28 
1274  0.04  3.91  3.36  2.69  2.04  0.29 
1275  0.04  3.90  3.35  2.69  2.04  0.29 
1276  0.04  3.90  3.36  2.69  2.05  0.29 
1277  0.04  3.90  3.35  2.69  2.05  0.29 
1278  0.04  3.90  3.35  2.69  2.05  0.30 
1279  0.04  3.91  3.36  2.69  2.05  0.30 
1280  0.04  3.91  3.36  2.69  2.04  0.25 
1281  0.04  3.91  3.35  2.69  2.04  0.25 
1282  0.04  3.92  3.36  2.69  2.05  0.26 
1283  0.04  3.92  3.35  2.69  2.04  0.26 
1284  0.04  3.91  3.35  2.69  2.05  0.26 
1285  0.04  3.91  3.36  2.69  2.05  0.26 
1286  0.04  3.91  3.35  2.69  2.04  0.26 
1287  0.04  3.91  3.35  2.69  2.04  0.27 
1288  0.04  3.91  3.36  2.69  2.05  0.27 
1289  0.04  3.91  3.36  2.69  2.04  0.27 
1290  0.04  3.90  3.35  2.69  2.04  0.27 
1291  0.04  3.90  3.35  2.69  2.05  0.27 
1292  0.04  3.90  3.36  2.69  2.04  0.28 
1293  0.04  3.90  3.35  2.69  2.04  0.28 
1294  0.04  3.91  3.36  2.69  2.04  0.28 
1295  0.04  3.92  3.35  2.69  2.05  0.28 
1296  0.04  3.90  3.35  2.69  2.05  0.28 
1297  0.04  3.90  3.35  2.69  2.05  0.29 
1298  0.04  3.91  3.36  2.69  2.04  0.29 
1299  0.04  3.91  3.35  2.69  2.04  0.29 
1300  0.04  3.91  3.36  2.69  2.05  0.29 
1301  0.04  3.91  3.36  2.69  2.05  0.29 
1302  0.04  3.91  3.35  2.69  2.05  0.29 
1303  0.04  3.92  3.36  2.69  2.05  0.30 
1304  0.04  3.92  3.36  2.69  2.04  0.25 
1305  0.04  3.91  3.35  2.69  2.04  0.25 
1306  0.04  3.91  3.36  2.69  2.05  0.26 
1307  0.04  3.91  3.36  2.69  2.05  0.26 
1308  0.04  3.90  3.35  2.69  2.05  0.26 
1309  0.04  3.91  3.36  2.69  2.05  0.26 
1310  0.04  3.90  3.35  2.69  2.04  0.26 
1311  0.04  3.90  3.35  2.69  2.04  0.27 
1312  0.04  3.90  3.35  2.69  2.04  0.27 
1313  0.04  3.91  3.36  2.69  2.05  0.27 
1314  0.05  3.91  3.35  2.69  2.04  0.27 
1315  0.05  3.91  3.36  2.69  2.05  0.27 
1316  0.05  3.91  3.36  2.69  2.04  0.28 
1317  0.04  3.91  3.35  2.69  2.04  0.27 
1318  0.05  3.90  3.36  2.69  2.04  0.28 
1319  0.04  3.90  3.36  2.69  2.05  0.28 
1320  0.04  3.90  3.35  2.69  2.05  0.28 
1321  0.04  3.91  3.36  2.69  2.05  0.28 
1322  0.04  3.91  3.35  2.69  2.04  0.28 
1323  0.04  3.91  3.35  2.69  2.04  0.29 
1324  0.04  3.90  3.35  2.69  2.05  0.28 
1325  0.05  3.90  3.35  2.69  2.05  0.29 
1326  0.04  3.90  3.35  2.69  2.05  0.29 
1327  0.05  3.91  3.35  2.69  2.05  0.29 
1328  0.04  3.91  3.36  2.69  2.04  0.25 
1329  0.04  3.90  3.35  2.69  2.04  0.25 
1330  0.04  3.90  3.35  2.69  2.05  0.26 
1331  0.04  3.91  3.36  2.69  2.05  0.26 
1332  0.04  3.92  3.35  2.69  2.05  0.26 
1333  0.04  3.91  3.35  2.69  2.05  0.26 
1334  0.04  3.91  3.35  2.69  2.04  0.26 
1335  0.04  3.90  3.35  2.69  2.04  0.27 
1336  0.04  3.91  3.35  2.69  2.04  0.27 
1337  0.04  3.91  3.35  2.69  2.04  0.27 
1338  0.04  3.90  3.35  2.69  2.05  0.27 
1339  0.04  3.90  3.35  2.69  2.05  0.27 
1340  0.04  3.91  3.35  2.69  2.04  0.27 
1341  0.04  3.91  3.35  2.69  2.04  0.28 
1342  0.04  3.90  3.36  2.69  2.04  0.28 
1343  0.04  3.92  3.36  2.69  2.05  0.28 
1344  0.04  3.91  3.35  2.69  2.04  0.28 
1345  0.04  3.90  3.35  2.69  2.05  0.28 
1346  0.04  3.90  3.35  2.69  2.04  0.28 
1347  0.04  3.91  3.35  2.69  2.04  0.28 
1348  0.04  3.90  3.35  2.69  2.04  0.29 
1349  0.04  3.90  3.36  2.69  2.04  0.29 
1350  0.04  3.91  3.35  2.69  2.04  0.29 
1351  0.04  3.91  3.35  2.69  2.05  0.29 
1352  0.04  3.90  3.36  2.69  2.04  0.25 
1353  0.04  3.91  3.35  2.69  2.04  0.25 
1354  0.04  3.91  3.35  2.69  2.05  0.25 
1355  0.04  3.90  3.36  2.69  2.04  0.26 
1356  0.04  3.91  3.35  2.69  2.05  0.26 
1357  0.04  3.90  3.35  2.69  2.05  0.26 
1358  0.04  3.91  3.35  2.69  2.04  0.26 
1359  0.04  3.91  3.35  2.69  2.04  0.26 
1360  0.04  3.90  3.35  2.69  2.04  0.27 
1361  0.04  3.90  3.36  2.69  2.04  0.27 
1362  0.04  3.91  3.35  2.69  2.04  0.27 
1363  0.04  3.90  3.35  2.69  2.05  0.27 
1364  0.04  3.92  3.35  2.69  2.04  0.27 
1365  0.04  3.90  3.35  2.69  2.04  0.27 
1366  0.04  3.91  3.35  2.69  2.04  0.27 
1367  0.04  3.90  3.35  2.69  2.05  0.28 
1368  0.04  3.90  3.35  2.69  2.04  0.28 
1369  0.04  3.91  3.36  2.69  2.05  0.28 
1370  0.04  3.90  3.36  2.69  2.04  0.28 
1371  0.05  3.91  3.35  2.69  2.04  0.28 
1372  0.04  3.90  3.36  2.69  2.04  0.28 
1373  0.04  3.91  3.35  2.69  2.05  0.29 
1374  0.04  3.90  3.35  2.69  2.04  0.29 
1375  0.04  3.91  3.36  2.69  2.05  0.29 
1376  0.04  3.90  3.35  2.69  2.04  0.25 
1377  0.05  3.91  3.35  2.69  2.04  0.25 
1378  0.04  3.90  3.35  2.69  2.04  0.25 
1379  0.04  3.91  3.36  2.69  2.04  0.26 
1380  0.04  3.90  3.35  2.69  2.04  0.26 
1381  0.04  3.91  3.36  2.69  2.05  0.26 
1382  0.04  3.90  3.35  2.69  2.04  0.26 
1383  0.04  3.91  3.35  2.69  2.04  0.26 
1384  0.04  3.90  3.36  2.69  2.04  0.26 
1385  0.05  3.91  3.35  2.69  2.05  0.27 
1386  0.05  3.90  3.35  2.69  2.04  0.27 
1387  0.05  3.91  3.35  2.69  2.05  0.27 
1388  0.05  3.89  3.36  2.69  2.03  0.27 
1389  0.05  3.91  3.35  2.69  2.04  0.27 
1390  0.05  3.92  3.35  2.69  2.04  0.27 
1391  0.05  3.91  3.35  2.69  2.05  0.28 
1392  0.04  3.90  3.35  2.69  2.04  0.28 
1393  0.04  3.90  3.36  2.69  2.05  0.28 
1394  0.04  3.91  3.36  2.69  2.04  0.28 
1395  0.04  3.89  3.35  2.69  2.04  0.28 
1396  0.04  3.91  3.36  2.69  2.04  0.29 
1397  0.04  3.91  3.35  2.69  2.04  0.29 
1398  0.04  3.90  3.35  2.69  2.04  0.29 
1399  0.04  3.91  3.36  2.69  2.05  0.29 
1400  0.04  3.90  3.36  2.69  2.04  0.25 
1401  0.05  3.90  3.35  2.69  2.04  0.25 
1402  0.05  3.91  3.36  2.69  2.04  0.25 
1403  0.05  3.89  3.35  2.69  2.04  0.25 
1404  0.05  3.91  3.35  2.69  2.04  0.26 
1405  0.05  3.91  3.36  2.69  2.05  0.26 
1406  0.05  3.90  3.36  2.69  2.04  0.26 
1407  0.05  3.91  3.35  2.69  2.04  0.26 
1408  0.04  3.91  3.36  2.69  2.04  0.26 
1409  0.04  3.89  3.35  2.69  2.04  0.27 
1410  0.04  3.91  3.35  2.69  2.04  0.27 
1411  0.04  3.91  3.35  2.69  2.05  0.27 
1412  0.04  3.90  3.35  2.69  2.04  0.27 
1413  0.04  3.91  3.35  2.69  2.04  0.27 
1414  0.04  3.91  3.36  2.69  2.04  0.27 
1415  0.04  3.90  3.36  2.69  2.04  0.28 
1416  0.04  3.90  3.35  2.69  2.04  0.28 
1417  0.05  3.91  3.35  2.69  2.05  0.28 
1418  0.05  3.91  3.36  2.69  2.03  0.28 
1419  0.05  3.90  3.35  2.69  2.04  0.28 
1420  0.05  3.91  3.35  2.69  2.04  0.28 
1421  0.05  3.91  3.35  2.69  2.04  0.29 
1422  0.05  3.90  3.35  2.69  2.04  0.29 
1423  0.05  3.90  3.35  2.69  2.05  0.29 
1424  0.04  3.90  3.35  2.69  2.04  0.25 
1425  0.04  3.91  3.35  2.69  2.04  0.25 
1426  0.04  3.91  3.35  2.69  2.04  0.25 
1427  0.04  3.89  3.35  2.69  2.04  0.26 
1428  0.04  3.91  3.35  2.69  2.04  0.26 
1429  0.04  3.91  3.35  2.69  2.05  0.26 
1430  0.04  3.91  3.35  2.69  2.04  0.26 
1431  0.04  3.90  3.35  2.69  2.04  0.26 
1432  0.04  3.90  3.35  2.69  2.04  0.26 
1433  0.05  3.91  3.35  2.69  2.04  0.27 
1434  0.05  3.91  3.35  2.69  2.04  0.27 
1435  0.05  3.91  3.35  2.69  2.05  0.27 
1436  0.05  3.90  3.36  2.69  2.04  0.27 
1437  0.05  3.90  3.35  2.69  2.04  0.27 
1438  0.05  3.92  3.35  2.69  2.04  0.28 
1439  0.05  3.91  3.35  2.69  2.04  0.27 
1440  0.04  3.91  3.35  2.69  2.04  0.28 
1441  0.05  3.91  3.35  2.69  2.05  0.28 
1442  0.05  3.91  3.35  2.69  2.04  0.28 
1443  0.05  3.90  3.35  2.69  2.04  0.28 
1444  0.05  3.90  3.35  2.69  2.04  0.28 
1445  0.05  3.89  3.35  2.69  2.04  0.28 
1446  0.05  3.90  3.35  2.69  2.04  0.28 
1447  0.05  3.91  3.35  2.69  2.05  0.29 
1448  0.04  3.91  3.35  2.69  2.03  0.25 
1449  0.05  3.91  3.35  2.69  2.04  0.25 
1450  0.05  3.91  3.35  2.69  2.04  0.25 
1451  0.05  3.91  3.35  2.69  2.05  0.25 
1452  0.05  3.90  3.35  2.69  2.04  0.25 
1453  0.05  3.90  3.35  2.69  2.04  0.26 
1454  0.05  3.90  3.35  2.69  2.03  0.26 
1455  0.05  3.89  3.35  2.69  2.04  0.26 
1456  0.05  3.89  3.36  2.69  2.04  0.26 
1457  0.05  3.90  3.35  2.69  2.04  0.26 
1458  0.04  3.90  3.35  2.69  2.04  0.26 
1459  0.05  3.90  3.35  2.69  2.05  0.27 
1460  0.05  3.90  3.35  2.69  2.03  0.27 
1461  0.05  3.90  3.35  2.69  2.04  0.27 
1462  0.05  3.90  3.35  2.69  2.04  0.27 
1463  0.05  3.90  3.35  2.69  2.04  0.27 
1464  0.05  3.90  3.35  2.69  2.04  0.27 
1465  0.05  3.90  3.35  2.69  2.04  0.28 
1466  0.05  3.90  3.35  2.69  2.03  0.28 
1467  0.05  3.90  3.35  2.69  2.03  0.28 
1468  0.05  3.90  3.35  2.69  2.04  0.28 
1469  0.05  3.90  3.35  2.69  2.04  0.28 
1470  0.05  3.89  3.35  2.69  2.04  0.28 
1471  0.05  3.90  3.35  2.69  2.05  0.29 
1472  0.04  3.90  3.36  2.69  2.03  0.25 
1473  0.04  3.90  3.35  2.69  2.04  0.25 
1474  0.04  3.90  3.35  2.69  2.04  0.25 
1475  0.04  3.90  3.35  2.69  2.04  0.26 
1476  0.04  3.90  3.35  2.69  2.04  0.25 
1477  0.04  3.91  3.35  2.69  2.05  0.26 
1478  0.04  3.91  3.35  2.69  2.04  0.26 
1479  0.04  3.91  3.35  2.69  2.04  0.26 
1480  0.04  3.91  3.35  2.69  2.04  0.26 
1481  0.05  3.91  3.35  2.69  2.04  0.26 
1482  0.05  3.90  3.35  2.69  2.04  0.26 
1483  0.05  3.90  3.36  2.69  2.04  0.27 
1484  0.04  3.90  3.35  2.69  2.04  0.27 
1485  0.05  3.89  3.35  2.69  2.04  0.27 
1486  0.05  3.91  3.35  2.69  2.04  0.27 
1487  0.05  3.92  3.35  2.69  2.04  0.27 
1488  0.04  3.90  3.35  2.69  2.04  0.27 
1489  0.04  3.91  3.35  2.69  2.05  0.28 
1490  0.04  3.91  3.35  2.69  2.03  0.28 
1491  0.04  3.90  3.35  2.69  2.03  0.28 
1492  0.04  3.90  3.36  2.69  2.04  0.28 
1493  0.04  3.91  3.35  2.69  2.04  0.28 
1494  0.04  3.92  3.35  2.69  2.04  0.28 
1495  0.04  3.91  3.35  2.69  2.05  0.28 
1496  0.04  3.90  3.35  2.69  2.03  0.24 
1497  0.04  3.89  3.35  2.69  2.03  0.25 
1498  0.04  3.89  3.35  2.69  2.04  0.25 
1499  0.04  3.91  3.35  2.69  2.04  0.25 
1500  0.04  3.91  3.35  2.69  2.04  0.25 
1501  0.04  3.90  3.35  2.69  2.05  0.25 
1502  0.04  3.90  3.35  2.69  2.03  0.25 
1503  0.04  3.90  3.35  2.69  2.03  0.26 
1504  0.04  3.90  3.35  2.69  2.04  0.26 
1505  0.04  3.91  3.35  2.69  2.04  0.26 
1506  0.04  3.90  3.35  2.69  2.04  0.26 
1507  0.04  3.89  3.35  2.69  2.04  0.27 
1508  0.04  3.90  3.35  2.69  2.04  0.27 
1509  0.04  3.91  3.35  2.69  2.03  0.27 
1510  0.04  3.90  3.35  2.69  2.04  0.27 
1511  0.04  3.89  3.35  2.69  2.04  0.27 
1512  0.04  3.90  3.35  2.69  2.04  0.27 
1513  0.04  3.91  3.35  2.69  2.04  0.27 
1514  0.04  3.90  3.35  2.69  2.04  0.27 
1515  0.04  3.89  3.35  2.69  2.03  0.28 
1516  0.04  3.91  3.35  2.69  2.04  0.28 
1517  0.04  3.90  3.36  2.69  2.04  0.28 
1518  0.04  3.90  3.35  2.69  2.04  0.28 
1519  0.04  3.91  3.35  2.69  2.04  0.28 
1520  0.04  3.90  3.35  2.69  2.03  0.25 
1521  0.04  3.89  3.35  2.69  2.04  0.25 
1522  0.04  3.91  3.35  2.69  2.04  0.25 
1523  0.04  3.90  3.35  2.69  2.04  0.25 
1524  0.04  3.89  3.35  2.69  2.04  0.25 
1525  0.04  3.90  3.35  2.69  2.04  0.25 
1526  0.04  3.91  3.36  2.69  2.03  0.26 
1527  0.04  3.89  3.35  2.69  2.04  0.26 
1528  0.04  3.91  3.35  2.69  2.04  0.26 
1529  0.04  3.90  3.36  2.69  2.04  0.26 
1530  0.04  3.89  3.35  2.69  2.04  0.26 
1531  0.04  3.91  3.35  2.69  2.04  0.26 
1532  0.04  3.90  3.35  2.69  2.04  0.26 
1533  0.04  3.90  3.35  2.69  2.04  0.26 
1534  0.04  3.92  3.35  2.69  2.04  0.27 
1535  0.04  3.91  3.35  2.69  2.04  0.27 
1536  0.04  3.90  3.35  2.69  2.04  0.27 
1537  0.04  3.90  3.35  2.69  2.04  0.27 
1538  0.04  3.90  3.35  2.69  2.03  0.28 
1539  0.04  3.90  3.35  2.69  2.04  0.28 
1540  0.04  3.90  3.35  2.69  2.04  0.28 
1541  0.04  3.92  3.35  2.69  2.04  0.28 
1542  0.04  3.89  3.35  2.69  2.04  0.28 
1543  0.04  3.91  3.35  2.69  2.04  0.28 
1544  0.04  3.89  3.35  2.69  2.04  0.24 
1545  0.04  3.91  3.35  2.69  2.03  0.25 
1546  0.04  3.90  3.35  2.69  2.04  0.25 
1547  0.04  3.91  3.35  2.69  2.04  0.25 
1548  0.04  3.90  3.35  2.69  2.04  0.25 
1549  0.04  3.90  3.35  2.69  2.04  0.25 
1550  0.04  3.90  3.35  2.69  2.04  0.25 
1551  0.04  3.90  3.35  2.69  2.03  0.26 
1552  0.04  3.90  3.35  2.69  2.04  0.26 
1553  0.04  3.90  3.35  2.69  2.04  0.26 
1554  0.04  3.90  3.35  2.69  2.04  0.26 
1555  0.04  3.90  3.35  2.69  2.04  0.26 
1556  0.04  3.90  3.35  2.69  2.03  0.26 
1557  0.04  3.90  3.35  2.69  2.03  0.26 
1558  0.04  3.90  3.35  2.69  2.04  0.27 
1559  0.04  3.90  3.35  2.69  2.04  0.27 
1560  0.04  3.89  3.35  2.69  2.04  0.27 
1561  0.04  3.91  3.35  2.69  2.04  0.27 
1562  0.04  3.90  3.35  2.69  2.03  0.27 
1563  0.04  3.90  3.35  2.69  2.03  0.27 
1564  0.04  3.90  3.35  2.69  2.04  0.28 
1565  0.04  4.36  3.35  2.69  2.04  0.28 
1566  0.04  3.90  3.35  2.69  2.04  0.28 
1567  0.04  3.89  3.35  2.69  2.04  0.28 
1568  0.04  3.91  3.35  2.69  2.03  0.25 
1569  0.04  3.90  3.35  2.69  2.03  0.25 
1570  0.04  3.90  3.35  2.69  2.04  0.25 
1571  0.04  3.91  3.35  2.69  2.04  0.25 
1572  0.04  3.89  3.35  2.69  2.04  0.25 
1573  0.04  3.91  3.35  2.69  2.04  0.25 
1574  0.04  3.90  3.35  2.69  2.03  0.26 
1575  0.04  3.90  3.35  2.69  2.03  0.26 
1576  0.04  3.91  3.35  2.69  2.04  0.26 
1577  0.04  3.89  3.35  2.69  2.04  0.26 
1578  0.04  3.90  3.35  2.69  2.04  0.26 
1579  0.04  3.91  3.35  2.69  2.04  0.26 
1580  0.04  3.89  3.35  2.69  2.04  0.26 
1581  0.04  3.90  3.35  2.69  2.03  0.26 
1582  0.04  3.92  3.35  2.69  2.04  0.27 
1583  0.04  3.91  3.35  2.69  2.04  0.27 
1584  0.04  3.90  3.35  2.69  2.04  0.27 
1585  0.04  3.91  3.35  2.69  2.04  0.27 
1586  0.04  3.90  3.35  2.69  2.03  0.27 
1587  0.04  3.89  3.35  2.69  2.03  0.27 
1588  0.04  3.90  3.35  2.69  2.04  0.27 
1589  0.04  3.90  3.35  2.69  2.04  0.28 
1590  0.04  3.89  3.35  2.69  2.04  0.28 
1591  0.04  3.90  3.35  2.69  2.04  0.28 
1592  0.04  3.91  3.35  2.69  2.03  0.24 
1593  0.04  3.90  3.35  2.69  2.03  0.24 
1594  0.04  3.89  3.35  2.69  2.04  0.25 
1595  0.04  3.90  3.35  2.69  2.04  0.25 
1596  0.04  3.90  3.35  2.69  2.04  0.25 
1597  0.04  3.90  3.35  2.69  2.04  0.25 
1598  0.04  3.89  3.35  2.69  2.03  0.25 
1599  0.04  3.89  3.35  2.69  2.03  0.25 
1600  0.04  3.90  3.35  2.69  2.04  0.26 
1601  0.04  3.91  3.35  2.69  2.04  0.26 
1602  0.04  3.90  3.35  2.69  2.04  0.26 
1603  0.04  3.89  3.35  2.69  2.04  0.26 
1604  0.04  3.90  3.35  2.69  2.03  0.26 
1605  0.04  3.90  3.35  2.69  2.03  0.26 
1606  0.04  3.91  3.35  2.69  2.04  0.27 
1607  0.04  3.90  3.36  2.69  2.04  0.27 
1608  0.04  3.89  3.35  2.69  2.04  0.27 
1609  0.04  3.90  3.35  2.69  2.04  0.27 
1610  0.04  3.90  3.35  2.69  2.03  0.27 
1611  0.04  3.90  3.35  2.69  2.03  0.27 
1612  0.04  3.90  3.35  2.69  2.04  0.27 
1613  0.04  3.90  3.35  2.69  2.04  0.28 
1614  0.04  3.90  3.35  2.69  2.04  0.28 
1615  0.04  3.89  3.35  2.69  2.04  0.28 
1616  0.04  3.89  3.35  2.69  2.03  0.25 
1617  0.04  3.90  3.35  2.69  2.03  0.25 
1618  0.04  3.90  3.35  2.69  2.04  0.24 
1619  0.04  3.90  3.35  2.69  2.04  0.25 
1620  0.04  3.90  3.35  2.69  2.04  0.25 
1621  0.04  3.90  3.35  2.69  2.04  0.25 
1622  0.04  3.90  3.35  2.69  2.03  0.25 
1623  0.04  3.90  3.35  2.69  2.03  0.25 
1624  0.04  3.89  3.35  2.69  2.04  0.25 
1625  0.04  3.89  3.35  2.69  2.04  0.26 
1626  0.04  3.89  3.35  2.69  2.04  0.26 
1627  0.04  3.90  3.35  2.69  2.04  0.26 
1628  0.04  3.90  3.35  2.69  2.03  0.26 
1629  0.04  3.90  3.35  2.69  2.03  0.26 
1630  0.04  3.91  3.35  2.69  2.04  0.27 
1631  0.04  3.90  3.35  2.69  2.04  0.27 
1632  0.04  3.90  3.35  2.69  2.04  0.27 
1633  0.04  3.90  3.35  2.69  2.04  0.27 
1634  0.04  3.91  3.35  2.69  2.03  0.27 
1635  0.04  3.90  3.35  2.69  2.03  0.27 
1636  0.04  3.90  3.35  2.69  2.04  0.27 
1637  0.04  3.90  3.35  2.69  2.04  0.27 
1638  0.04  3.90  3.35  2.69  2.04  0.27 
1639  0.04  3.91  3.35  2.69  2.04  0.28 
1640  0.04  3.90  3.35  2.69  2.03  0.24 
1641  0.04  3.90  3.35  2.69  2.03  0.24 
1642  0.04  3.90  3.35  2.69  2.04  0.24 
1643  0.04  3.90  3.35  2.69  2.04  0.25 
1644  0.04  3.90  3.35  2.69  2.04  0.25 
1645  0.04  3.90  3.35  2.69  2.04  0.25 
1646  0.04  3.90  3.35  2.69  2.03  0.25 
1647  0.04  3.89  3.35  2.69  2.03  0.25 
1648  0.04  3.90  3.35  2.69  2.04  0.25 
1649  0.04  3.89  3.35  2.69  2.04  0.26 
1650  0.04  3.89  3.35  2.69  2.04  0.26 
1651  0.04  3.89  3.35  2.69  2.04  0.26 
1652  0.04  3.90  3.35  2.69  2.03  0.26 
1653  0.04  3.90  3.35  2.69  2.03  0.26 
1654  0.04  3.90  3.35  2.69  2.04  0.27 
1655  0.04  3.90  3.35  2.69  2.04  0.26 
1656  0.04  3.90  3.35  2.69  2.04  0.27 
1657  0.04  3.90  3.35  2.69  2.04  0.27 
1658  0.04  3.90  3.35  2.69  2.03  0.27 
1659  0.04  3.89  3.35  2.69  2.03  0.27 
1660  0.04  3.89  3.35  2.69  2.04  0.27 
1661  0.04  3.90  3.35  2.69  2.04  0.27 
1662  0.04  3.90  3.35  2.69  2.04  0.27 
1663  0.04  3.91  3.35  2.69  2.04  0.27 
1664  0.04  3.90  3.35  2.69  2.03  0.24 
1665  0.04  3.89  3.35  2.69  2.03  0.25 
1666  0.04  3.89  3.35  2.69  2.04  0.24 
1667  0.04  3.90  3.35  2.69  2.04  0.25 
1668  0.04  3.90  3.35  2.69  2.04  0.25 
1669  0.04  3.91  3.35  2.69  2.04  0.25 
1670  0.04  3.90  3.35  2.69  2.03  0.25 
1671  0.04  3.89  3.35  2.69  2.03  0.25 
1672  0.04  3.89  3.35  2.69  2.04  0.25 
1673  0.04  3.89  3.35  2.69  2.04  0.26 
1674  0.04  3.90  3.35  2.69  2.04  0.26 
1675  0.04  3.90  3.35  2.69  2.04  0.26 
1676  0.04  3.89  3.35  2.69  2.03  0.26 
1677  0.04  3.89  3.35  2.69  2.03  0.26 
1678  0.04  3.91  3.35  2.69  2.04  0.26 
1679  0.04  3.91  3.35  2.69  2.04  0.26 
1680  0.04  3.89  3.35  2.69  2.04  0.27 
1681  0.04  3.89  3.35  2.69  2.04  0.27 
1682  0.04  3.90  3.35  2.69  2.03  0.27 
1683  0.04  3.90  3.35  2.69  2.03  0.27 
1684  0.04  3.90  3.35  2.69  2.04  0.27 
1685  0.04  3.90  3.35  2.69  2.04  0.27 
1686  0.04  3.90  3.35  2.69  2.04  0.28 
1687  0.04  3.90  3.35  2.69  2.04  0.28 
1688  0.04  3.89  3.35  2.69  2.03  0.24 
1689  0.04  3.90  3.35  2.69  2.03  0.24 
1690  0.04  3.90  3.35  2.69  2.04  0.24 
1691  0.04  3.89  3.35  2.69  2.04  0.25 
1692  0.04  3.90  3.35  2.69  2.04  0.25 
1693  0.04  3.91  3.35  2.69  2.04  0.25 
1694  0.04  3.89  3.35  2.69  2.03  0.25 
1695  0.04  3.89  3.35  2.69  2.03  0.25 
1696  0.04  3.91  3.35  2.69  2.04  0.25 
1697  0.04  3.89  3.35  2.69  2.04  0.25 
1698  0.04  3.90  3.35  2.69  2.04  0.26 
1699  0.04  3.90  3.35  2.69  2.04  0.26 
1700  0.04  3.90  3.35  2.69  2.03  0.26 
1701  0.04  3.90  3.35  2.69  2.03  0.26 
1702  0.04  3.90  3.35  2.69  2.03  0.26 
1703  0.04  3.89  3.35  2.69  2.04  0.26 
1704  0.04  3.91  3.35  2.69  2.04  0.26 
1705  0.04  3.90  3.35  2.69  2.04  0.27 
1706  0.04  3.90  3.35  2.69  2.03  0.27 
1707  0.04  3.90  3.35  2.69  2.03  0.27 
1708  0.04  3.90  3.35  2.69  2.04  0.27 
1709  0.04  3.91  3.35  2.69  2.04  0.27 
1710  0.04  3.89  3.35  2.69  2.04  0.27 
1711  0.04  3.91  3.35  2.69  2.04  0.27 
1712  0.04  3.89  3.35  2.69  2.03  0.24 
1713  0.04  3.90  3.35  2.69  2.03  0.24 
1714  0.04  3.90  3.35  2.69  2.04  0.24 
1715  0.04  3.90  3.35  2.69  2.04  0.25 
1716  0.04  3.90  3.35  2.69  2.03  0.25 
1717  0.04  3.89  3.35  2.69  2.04  0.25 
1718  0.04  3.90  3.35  2.69  2.03  0.25 
1719  0.04  3.89  3.35  2.69  2.03  0.25 
1720  0.04  3.90  3.35  2.69  2.04  0.25 
1721  0.04  3.89  3.35  2.69  2.04  0.26 
1722  0.04  3.90  3.35  2.69  2.04  0.26 
1723  0.04  3.89  3.35  2.69  2.04  0.26 
1724  0.04  3.90  3.35  2.69  2.03  0.26 
1725  0.04  3.89  3.35  2.69  2.03  0.26 
1726  0.04  3.92  3.35  2.69  2.03  0.26 
1727  0.04  3.89  3.35  2.69  2.04  0.26 
1728  0.04  3.91  3.35  2.69  2.04  0.26 
1729  0.04  3.89  3.35  2.69  2.04  0.27 
1730  0.04  3.90  3.35  2.69  2.03  0.27 
1731  0.04  3.89  3.35  2.69  2.03  0.27 
1732  0.04  3.90  3.35  2.69  2.04  0.27 
1733  0.04  3.90  3.35  2.69  2.04  0.27 
1734  0.04  3.89  3.35  2.69  2.04  0.27 
1735  0.04  3.90  3.35  2.69  2.04  0.27 
1736  0.04  3.89  3.35  2.69  2.03  0.24 
1737  0.04  3.90  3.35  2.69  2.03  0.24 
1738  0.04  3.90  3.35  2.69  2.04  0.24 
1739  0.04  3.90  3.35  2.69  2.04  0.24 
1740  0.04  3.90  3.35  2.69  2.04  0.25 
1741  0.04  3.89  3.35  2.69  2.04  0.25 
1742  0.04  3.91  3.35  2.69  2.03  0.25 
1743  0.04  3.89  3.35  2.69  2.03  0.25 
1744  0.04  3.89  3.35  2.69  2.04  0.25 
1745  0.04  3.90  3.35  2.69  2.04  0.25 
1746  0.04  3.89  3.35  2.69  2.04  0.26 
1747  0.04  3.90  3.35  2.69  2.04  0.26 
1748  0.04  3.90  3.35  2.69  2.03  0.26 
1749  0.04  3.89  3.35  2.69  2.03  0.26 
1750  0.04  3.90  3.35  2.69  2.04  0.26 
1751  0.04  3.90  3.35  2.69  2.04  0.26 
1752  0.04  3.89  3.35  2.69  2.04  0.26 
1753  0.04  3.90  3.35  2.69  2.04  0.26 
1754  0.04  3.90  3.35  2.69  2.03  0.27 
1755  0.04  3.89  3.35  2.69  2.03  0.27 
1756  0.04  3.90  3.35  2.69  2.03  0.27 
1757  0.04  3.90  3.35  2.69  2.04  0.27 
1758  0.04  3.89  3.35  2.69  2.04  0.27 
1759  0.04  3.90  3.35  2.69  2.04  0.27 
1760  0.04  3.90  3.35  2.69  2.03  0.24 
1761  0.04  3.89  3.35  2.69  2.03  0.24 
1762  0.04  3.89  3.35  2.69  2.04  0.25 
1763  0.04  3.90  3.35  2.69  2.04  0.25 
1764  0.04  3.90  3.35  2.69  2.04  0.25 
1765  0.04  3.89  3.35  2.69  2.04  0.25 
1766  0.04  3.90  3.35  2.69  2.03  0.25 
1767  0.04  3.90  3.35  2.69  2.03  0.25 
1768  0.04  3.90  3.35  2.69  2.04  0.25 
1769  0.04  3.89  3.35  2.69  2.04  0.25 
1770  0.04  3.90  3.35  2.69  2.04  0.25 
1771  0.04  3.91  3.35  2.69  2.04  0.26 
1772  0.04  3.90  3.35  2.69  2.03  0.26 
1773  0.04  3.89  3.35  2.69  2.03  0.26 
1774  0.04  3.91  3.35  2.69  2.03  0.26 
1775  0.04  3.90  3.35  2.69  2.03  0.26 
1776  0.04  3.90  3.35  2.69  2.04  0.26 
1777  0.04  3.90  3.35  2.69  2.04  0.26 
1778  0.04  3.89  3.35  2.69  2.03  0.26 
1779  0.04  3.89  3.35  2.69  2.03  0.27 
1780  0.04  3.90  3.35  2.69  2.03  0.27 
1781  0.04  3.90  3.35  2.69  2.03  0.27 
1782  0.04  3.90  3.35  2.69  2.04  0.27 
1783  0.04  3.90  3.35  2.69  2.04  0.27 
1784  0.04  3.90  3.35  2.69  2.03  0.24 
1785  0.04  3.89  3.35  2.69  2.03  0.24 
1786  0.04  3.89  3.35  2.69  2.03  0.24 
1787  0.04  3.89  3.35  2.69  2.03  0.25 
1788  0.04  3.91  3.35  2.69  2.03  0.24 
1789  0.04  3.90  3.35  2.69  2.04  0.25 
1790  0.04  3.91  3.35  2.69  2.03  0.25 
1791  0.04  3.90  3.35  2.69  2.03  0.25 
1792  0.04  3.89  3.35  2.69  2.04  0.25 
1793  0.04  3.89  3.35  2.69  2.04  0.25 
1794  0.04  3.89  3.35  2.69  2.04  0.25 
1795  0.04  3.89  3.35  2.69  2.04  0.26 
1796  0.04  3.89  3.35  2.69  2.03  0.26 
1797  0.04  3.89  3.35  2.69  2.03  0.25 
1798  0.04  3.90  3.35  2.69  2.03  0.26 
1799  0.04  3.90  3.35  2.69  2.04  0.26 
1800  0.04  3.90  3.35  2.69  2.03  0.26 
1801  0.04  3.90  3.35  2.69  2.04  0.26 
1802  0.04  3.90  3.35  2.69  2.03  0.26 
1803  0.04  3.90  3.35  2.69  2.03  0.26 
1804  0.04  3.90  3.35  2.69  2.03  0.27 
1805  0.04  3.90  3.35  2.69  2.03  0.27 
1806  0.04  3.90  3.35  2.69  2.04  0.27 
1807  0.04  3.90  3.35  2.69  2.04  0.27 
1808  0.04  3.90  3.35  2.69  2.03  0.24 
1809  0.04  3.90  3.35  2.69  2.03  0.24 
1810  0.04  3.90  3.35  2.69  2.03  0.24 
1811  0.04  3.90  3.35  2.69  2.04  0.25 
1812  0.04  3.90  3.35  2.69  2.04  0.25 
1813  0.04  3.90  3.35  2.69  2.04  0.25 
1814  0.04  3.90  3.35  2.69  2.03  0.25 
1815  0.04  3.90  3.35  2.69  2.03  0.25 
1816  0.04  3.90  3.35  2.69  2.03  0.25 
1817  0.04  3.90  3.35  2.69  2.03  0.25 
1818  0.04  3.90  3.35  2.69  2.03  0.25 
1819  0.04  3.90  3.35  2.69  2.04  0.25 
1820  0.04  3.90  3.35  2.69  2.03  0.26 
1821  0.04  3.90  3.35  2.69  2.03  0.26 
1822  0.04  3.92  3.35  2.69  2.03  0.26 
1823  0.04  3.90  3.35  2.69  2.03  0.26 
1824  0.04  3.89  3.35  2.69  2.04  0.26 
1825  0.04  3.89  3.35  2.69  2.04  0.26 
1826  0.04  3.90  3.35  2.69  2.03  0.27 
1827  0.04  3.89  3.35  2.69  2.03  0.27 
1828  0.04  3.90  3.35  2.69  2.03  0.27 
1829  0.04  3.90  3.35  2.69  2.04  0.27 
1830  0.04  3.90  3.35  2.69  2.03  0.27 
1831  0.04  3.90  3.35  2.69  2.04  0.27 
1832  0.04  3.90  3.35  2.69  2.03  0.24 
1833  0.04  3.89  3.35  2.69  2.03  0.24 
1834  0.04  3.89  3.35  2.69  2.03  0.24 
1835  0.04  3.89  3.35  2.69  2.04  0.24 
1836  0.04  3.90  3.35  2.69  2.03  0.24 
1837  0.04  3.91  3.35  2.69  2.04  0.25 
1838  0.04  3.90  3.35  2.69  2.03  0.25 
1839  0.04  3.89  3.35  2.69  2.03  0.25 
1840  0.04  3.89  3.35  2.69  2.03  0.25 
1841  0.04  3.89  3.35  2.69  2.03  0.25 
1842  0.04  3.90  3.35  2.69  2.03  0.25 
1843  0.04  3.90  3.35  2.69  2.04  0.25 
1844  0.04  3.90  3.35  2.69  2.03  0.25 
1845  0.04  3.89  3.35  2.69  2.03  0.26 
1846  0.04  3.89  3.35  2.69  2.03  0.26 
1847  0.04  3.90  3.35  2.69  2.03  0.26 
1848  0.04  3.90  3.35  2.69  2.03  0.26 
1849  0.04  3.89  3.35  2.69  2.04  0.26 
1850  0.04  3.89  3.35  2.69  2.03  0.26 
1851  0.04  3.90  3.35  2.69  2.03  0.26 
1852  0.04  3.90  3.35  2.69  2.03  0.26 
1853  0.04  3.89  3.35  2.69  2.03  0.27 
1854  0.04  3.89  3.35  2.69  2.03  0.27 
1855  0.04  3.90  3.35  2.69  2.04  0.27 
1856  0.04  3.90  3.35  2.69  2.03  0.24 
1857  0.04  3.89  3.35  2.69  2.03  0.24 
1858  0.04  3.89  3.35  2.69  2.03  0.24 
1859  0.04  3.90  3.35  2.69  2.03  0.25 
1860  0.04  3.89  3.35  2.69  2.03  0.24 
1861  0.04  3.89  3.35  2.69  2.04  0.25 
1862  0.04  3.90  3.35  2.69  2.03  0.25 
1863  0.04  3.90  3.35  2.69  2.03  0.25 
1864  0.04  3.89  3.35  2.69  2.03  0.25 
1865  0.04  3.89  3.35  2.69  2.03  0.25 
1866  0.04  3.90  3.35  2.69  2.03  0.25 
1867  0.04  3.89  3.35  2.69  2.04  0.25 
1868  0.04  3.90  3.35  2.69  2.03  0.25 
1869  0.04  3.90  3.35  2.69  2.03  0.26 
1870  0.04  3.89  3.35  2.69  2.03  0.26 
1871  0.04  3.90  3.35  2.69  2.03  0.26 
1872  0.04  3.90  3.35  2.69  2.03  0.26 
1873  0.04  3.89  3.35  2.69  2.04  0.26 
1874  0.04  3.91  3.35  2.69  2.03  0.26 
1875  0.04  3.89  3.35  2.69  2.03  0.26 
1876  0.04  3.90  3.35  2.69  2.03  0.26 
1877  0.04  3.90  3.35  2.69  2.03  0.27 
1878  0.04  3.89  3.35  2.69  2.03  0.27 
1879  0.04  3.90  3.35  2.69  2.04  0.27 
1880  0.04  3.89  3.35  2.69  2.03  0.24 
1881  0.04  3.90  3.35  2.69  2.03  0.24 
1882  0.04  3.89  3.35  2.69  2.03  0.24 
1883  0.04  3.90  3.35  2.69  2.03  0.24 
1884  0.04  3.90  3.35  2.69  2.03  0.24 
1885  0.04  3.89  3.35  2.69  2.04  0.25 
1886  0.04  3.90  3.35  2.69  2.03  0.25 
1887  0.04  3.89  3.35  2.69  2.03  0.25 
1888  0.04  3.90  3.35  2.69  2.03  0.25 
1889  0.04  3.89  3.35  2.69  2.03  0.25 
1890  0.04  3.90  3.35  2.69  2.03  0.25 
1891  0.04  3.89  3.35  2.69  2.04  0.25 
1892  0.04  3.90  3.35  2.69  2.03  0.25 
1893  0.04  3.89  3.35  2.69  2.03  0.25 
1894  0.04  3.90  3.35  2.69  2.03  0.26 
1895  0.04  3.89  3.35  2.69  2.03  0.26 
1896  0.04  3.90  3.35  2.69  2.03  0.26 
1897  0.04  3.89  3.35  2.69  2.04  0.26 
1898  0.04  3.90  3.35  2.69  2.03  0.26 
1899  0.04  3.89  3.35  2.69  2.03  0.26 
1900  0.04  3.90  3.35  2.69  2.03  0.26 
1901  0.04  3.89  3.35  2.69  2.03  0.26 
1902  0.04  3.90  3.35  2.69  2.03  0.27 
1903  0.04  3.89  3.35  2.69  2.04  0.27 
1904  0.04  3.90  3.35  2.69  2.03  0.24 
1905  0.04  3.89  3.35  2.69  2.03  0.24 
1906  0.04  3.90  3.35  2.69  2.03  0.24 
1907  0.04  3.90  3.35  2.69  2.03  0.24 
1908  0.04  3.89  3.35  2.69  2.03  0.24 
1909  0.04  3.90  3.35  2.69  2.04  0.24 
1910  0.04  3.89  3.35  2.69  2.03  0.25 
1911  0.04  3.90  3.35  2.69  2.03  0.25 
1912  0.04  3.89  3.35  2.69  2.03  0.25 
1913  0.04  3.90  3.35  2.69  2.03  0.25 
1914  0.04  3.90  3.35  2.69  2.03  0.25 
1915  0.04  3.89  3.35  2.69  2.04  0.25 
1916  0.04  3.90  3.35  2.69  2.03  0.25 
1917  0.04  3.89  3.35  2.69  2.03  0.26 
1918  0.04  3.89  3.35  2.69  2.03  0.26 
1919  0.04  3.91  3.35  2.69  2.03  0.26 
1920  0.04  3.89  3.35  2.69  2.03  0.26 
1921  0.04  3.89  3.35  2.69  2.04  0.26 
1922  0.04  3.90  3.35  2.69  2.03  0.26 
1923  0.04  3.89  3.35  2.69  2.03  0.26 
1924  0.04  3.90  3.35  2.69  2.03  0.27 
1925  0.04  3.90  3.35  2.69  2.03  0.27 
1926  0.04  3.89  3.35  2.69  2.03  0.27 
1927  0.04  3.89  3.35  2.69  2.04  0.27 
1928  0.04  3.90  3.35  2.69  2.03  0.24 
1929  0.04  3.89  3.35  2.69  2.03  0.24 
1930  0.04  3.89  3.35  2.69  2.03  0.24 
1931  0.04  3.90  3.35  2.69  2.03  0.24 
1932  0.04  3.90  3.35  2.69  2.03  0.24 
1933  0.04  3.89  3.35  2.69  2.03  0.24 
1934  0.04  3.90  3.35  2.69  2.03  0.25 
1935  0.04  3.90  3.35  2.69  2.03  0.25 
1936  0.04  3.89  3.35  2.69  2.03  0.25 
1937  0.04  3.89  3.35  2.69  2.03  0.25 
1938  0.04  3.90  3.35  2.69  2.03  0.25 
1939  0.04  3.90  3.35  2.69  2.04  0.25 
1940  0.04  3.89  3.35  2.69  2.03  0.25 
1941  0.04  3.89  3.35  2.69  2.03  0.25 
1942  0.04  3.89  3.35  2.68  2.03  0.26 
1943  0.04  3.90  3.35  2.69  2.03  0.26 
1944  0.04  3.90  3.35  2.69  2.03  0.26 
1945  0.04  3.89  3.35  2.69  2.04  0.26 
1946  0.04  3.89  3.35  2.69  2.03  0.26 
1947  0.04  3.90  3.35  2.69  2.03  0.26 
1948  0.04  3.90  3.35  2.69  2.03  0.26 
1949  0.04  3.90  3.35  2.69  2.03  0.26 
1950  0.04  3.89  3.35  2.69  2.03  0.26 
1951  0.04  3.89  3.35  2.69  2.03  0.27 
1952  0.04  3.89  3.35  2.69  2.03  0.24 
1953  0.04  3.90  3.35  2.69  2.03  0.24 
1954  0.04  3.90  3.35  2.68  2.03  0.24 
1955  0.04  3.89  3.35  2.69  2.03  0.24 
1956  0.04  3.89  3.35  2.69  2.03  0.24 
1957  0.04  3.89  3.35  2.69  2.03  0.24 
1958  0.04  3.89  3.35  2.69  2.03  0.25 
1959  0.04  3.88  3.35  2.69  2.03  0.25 
1960  0.04  3.88  3.35  2.69  2.03  0.25 
1961  0.04  3.89  3.35  2.69  2.03  0.25 
1962  0.04  3.89  3.35  2.69  2.03  0.25 
1963  0.04  3.89  3.35  2.69  2.03  0.25 
1964  0.04  3.90  3.35  2.69  2.03  0.25 
1965  0.04  3.90  3.35  2.69  2.03  0.26 
1966  0.04  3.90  3.35  2.69  2.03  0.25 
1967  0.04  3.90  3.35  2.69  2.03  0.26 
1968  0.04  3.89  3.35  2.69  2.03  0.26 
1969  0.04  3.90  3.35  2.69  2.04  0.26 
1970  0.04  3.89  3.35  2.69  2.03  0.26 
1971  0.04  3.88  3.35  2.69  2.03  0.26 
1972  0.04  3.89  3.35  2.69  2.03  0.26 
1973  0.04  3.89  3.35  2.69  2.03  0.26 
1974  0.04  3.90  3.35  2.69  2.03  0.26 
1975  0.04  3.90  3.35  2.69  2.04  0.27 
1976  0.04  3.90  3.35  2.69  2.03  0.24 
1977  0.04  3.89  3.35  2.69  2.03  0.24 
1978  0.04  3.89  3.35  2.69  2.03  0.24 
1979  0.04  3.89  3.35  2.69  2.03  0.24 
1980  0.04  3.89  3.35  2.69  2.03  0.24 
1981  0.04  3.90  3.35  2.69  2.04  0.24 
1982  0.04  3.90  3.35  2.69  2.03  0.24 
1983  0.04  3.89  3.35  2.68  2.03  0.24 
1984  0.04  3.89  3.35  2.69  2.03  0.25 
1985  0.04  3.89  3.35  2.69  2.03  0.25 
1986  0.04  3.90  3.35  2.69  2.03  0.25 
1987  0.04  3.90  3.35  2.69  2.04  0.25 
1988  0.04  3.89  3.35  2.69  2.03  0.25 
1989  0.04  3.89  3.35  2.68  2.03  0.25 
1990  0.04  3.90  3.35  2.69  2.03  0.25 
1991  0.04  3.90  3.35  2.69  2.03  0.26 
1992  0.04  3.89  3.35  2.69  2.03  0.26 
1993  0.04  3.89  3.35  2.69  2.04  0.26 
1994  0.04  3.89  3.35  2.69  2.03  0.26 
1995  0.04  3.90  3.35  2.69  2.03  0.26 
1996  0.04  3.89  3.35  2.69  2.03  0.26 
1997  0.04  3.88  3.35  2.69  2.03  0.26 
1998  0.04  3.90  3.35  2.68  2.03  0.26 
1999  0.04  3.90  3.35  2.69  2.03  0.26 
2000  0.04  3.89  3.35  2.69  2.03  0.24 
2001  0.04  3.89  3.35  2.69  2.03  0.24 
2002  0.04  3.90  3.35  2.69  2.03  0.24 
2003  0.04  3.89  3.35  2.69  2.03  0.24 
2004  0.04  3.88  3.35  2.69  2.03  0.24 
2005  0.04  3.90  3.35  2.69  2.03  0.24 
2006  0.04  3.90  3.35  2.69  2.03  0.24 
2007  0.04  3.88  3.35  2.69  2.03  0.25 
2008  0.04  3.89  3.35  2.69  2.03  0.25 
2009  0.04  3.90  3.35  2.69  2.03  0.25 
2010  0.04  3.88  3.35  2.68  2.03  0.25 
2011  0.04  3.90  3.35  2.69  2.03  0.25 
2012  0.04  3.90  3.35  2.69  2.03  0.25 
2013  0.04  3.88  3.35  2.69  2.03  0.25 
2014  0.04  3.90  3.35  2.68  2.03  0.25 
2015  0.04  3.90  3.35  2.69  2.03  0.26 
2016  0.04  3.89  3.35  2.68  2.03  0.26 
2017  0.04  3.90  3.35  2.69  2.03  0.26 
2018  0.04  3.89  3.35  2.69  2.03  0.26 
2019  0.04  3.89  3.35  2.69  2.03  0.26 
2020  0.04  3.90  3.35  2.68  2.03  0.26 
2021  0.04  3.89  3.35  2.69  2.03  0.26 
2022  0.04  3.90  3.35  2.69  2.03  0.26 
2023  0.04  3.89  3.35  2.69  2.03  0.26 
2024  0.04  3.90  3.35  2.69  2.03  0.24 
2025  0.04  3.89  3.35  2.69  2.03  0.24 
2026  0.04  3.89  3.35  2.68  2.03  0.24 
2027  0.04  3.89  3.35  2.69  2.03  0.24 
2028  0.04  3.89  3.35  2.69  2.03  0.24 
2029  0.04  3.90  3.35  2.69  2.03  0.24 
2030  0.04  3.88  3.35  2.69  2.03  0.24 
2031  0.04  3.90  3.35  2.69  2.03  0.24 
2032  0.04  3.89  3.35  2.69  2.03  0.25 
2033  0.04  3.90  3.35  2.69  2.03  0.25 
2034  0.04  3.89  3.35  2.69  2.03  0.25 
2035  0.04  3.89  3.35  2.69  2.03  0.25 
2036  0.04  3.89  3.35  2.69  2.03  0.25 
2037  0.04  3.89  3.35  2.69  2.03  0.25 
2038  0.04  3.89  3.35  2.68  2.03  0.25 
2039  0.04  3.90  3.35  2.69  2.03  0.25 
2040  0.04  3.89  3.35  2.69  2.03  0.26 
2041  0.04  3.90  3.35  2.69  2.03  0.26 
2042  0.04  3.89  3.35  2.69  2.03  0.26 
2043  0.04  3.90  3.35  2.69  2.03  0.26 
2044  0.04  3.89  3.35  2.68  2.03  0.26 
2045  0.04  3.90  3.35  2.69  2.03  0.26 
2046  0.04  3.89  3.35  2.69  2.03  0.26 
2047  0.04  3.90  3.35  2.69  2.04  0.26 
2048  0.05  3.89  3.35  2.69  2.03  0.24 
